22.19;22.50;25.62;25.94
22.19;22.50;25.31;25.62
21.56;21.88;25.31;25.62
21.25;21.56;25.31;25.62
20.94;21.25;25.00;25.31
20.62;20.94;25.00;25.31
20.31;20.62;25.00;25.31
22.50;22.81;24.69;25.00
22.50;22.81;24.38;24.69
22.50;22.81;24.06;24.38
22.50;22.81;23.75;24.06
22.50;22.81;23.44;23.75
22.81;23.12;23.12;23.44
22.50;22.81;21.56;21.88
22.81;23.12;21.25;21.56
22.50;22.81;21.25;21.56
23.12;23.44;20.94;21.25
23.12;23.44;20.62;20.94
22.81;23.12;20.94;21.25
22.50;22.81;20.94;21.25
23.12;23.44;20.31;20.62
23.44;23.75;20.00;20.31
22.19;22.50;22.19;22.50
22.19;22.50;21.88;22.19
22.19;22.50;21.56;21.88
19.69;20.00;25.00;25.31
19.38;19.69;25.00;25.31
19.06;19.38;25.00;25.31
18.75;19.06;25.00;25.31
18.75;19.06;24.69;25.00
18.44;18.75;24.69;25.00
18.12;18.44;24.69;25.00
17.81;18.12;24.69;25.00
17.50;17.81;24.69;25.00
17.50;17.81;23.44;23.75
17.50;17.81;23.12;23.44
17.50;17.81;22.81;23.12
17.81;18.12;22.50;22.81
17.50;17.81;22.50;22.81
17.19;17.50;24.38;24.69
17.81;18.12;22.19;22.50
17.81;18.12;21.88;22.19
17.81;18.12;21.56;21.88
17.81;18.12;21.25;21.56
18.12;18.44;20.94;21.25
18.12;18.44;20.62;20.94
18.12;18.44;20.31;20.62
18.12;18.44;20.00;20.31
23.44;23.75;19.69;20.00
23.44;23.75;19.38;19.69
21.88;22.19;19.69;20.00
21.88;22.19;19.38;19.69
21.88;22.19;19.06;19.38
21.88;22.19;18.75;19.06
22.19;22.50;17.50;17.81
21.88;22.19;17.50;17.81
20.31;20.62;18.44;18.75
20.00;20.31;18.44;18.75
20.00;20.31;18.12;18.44
24.06;24.38;17.19;17.50
23.75;24.06;17.19;17.50
23.44;23.75;17.19;17.50
23.44;23.75;16.88;17.19
23.12;23.44;16.88;17.19
22.81;23.12;16.88;17.19
22.19;22.50;17.19;17.50
22.19;22.50;16.88;17.19
21.88;22.19;16.88;17.19
21.56;21.88;16.88;17.19
21.25;21.56;16.88;17.19
21.25;21.56;16.56;16.88
20.94;21.25;16.56;16.88
20.62;20.94;16.56;16.88
18.44;18.75;19.69;20.00
18.12;18.44;19.69;20.00
18.44;18.75;19.38;19.69
18.44;18.75;19.06;19.38
18.44;18.75;18.75;19.06
19.69;20.00;18.12;18.44
19.38;19.69;18.12;18.44
19.06;19.38;18.12;18.44
18.75;19.06;18.12;18.44
18.75;19.06;17.81;18.12
18.44;18.75;18.44;18.75
18.44;18.75;18.12;18.44
