20.000000;20.000000
20.000786;20.132248
20.000000;20.000000
20.000000;20.000000
20.000000;20.000000
20.012331;20.129915
20.000000;20.000000
20.000000;20.000000
20.000000;20.000000
20.024414;20.131758
20.026943;20.129221
20.000000;20.000000
20.000000;20.000000
20.000000;20.000000
20.000000;20.000000
20.000000;20.000000
20.000000;20.000000
20.000000;20.000000
20.000000;20.000000
20.000000;20.000000
20.192270;20.425035
20.000000;20.000000
20.193752;20.401161
20.000000;20.000000
20.195995;20.381330
20.000000;20.000000
20.196596;20.362354
20.000000;20.000000
20.198278;20.345671
20.202106;20.330620
20.202387;20.313913
20.205252;20.298491
20.205004;20.286449
20.206327;20.274004
20.208128;20.261227
20.208870;20.248669
20.209555;20.239521
20.210251;20.229841
20.213039;20.218962
20.213091;20.210814
20.213345;20.200832
20.213839;20.193291
20.217518;20.181818
20.217051;20.174503
20.216925;20.169022
20.217701;20.161392
20.220854;20.150930
20.219839;20.147076
20.218887;20.141239
20.221903;20.131618
20.221546;20.125757
20.222065;20.115919
20.224216;20.116659
20.223808;20.101501
20.226765;20.099791
20.225491;20.089899
20.227091;20.089252
20.225506;20.085724
20.226423;20.077288
20.227139;20.071909
20.228077;20.065336
20.227934;20.063078
20.228453;20.057178
20.228172;20.053011
20.229378;20.047527
20.230337;20.036745
20.231056;20.035383
20.231642;20.025127
20.231655;20.024994
20.232540;20.014622
20.233057;20.009480
20.233557;20.009499
20.233995;20.001347
20.233749;19.999754
20.235338;19.991287
20.234488;19.988886
20.235624;19.982824
20.236139;19.974615
20.236336;19.971909
20.238058;19.969526
20.238720;19.963465
20.238762;19.959042
20.238813;19.945290
20.239300;19.945177
20.239824;19.941952
20.239416;19.928026
20.239950;19.925501
20.243231;19.919363
20.240986;19.918951
20.243246;19.912518
20.242786;19.902855
20.245407;19.900000
20.246414;19.894623
20.251963;19.873354
20.000000;20.000000
20.255772;19.856045
20.000000;20.000000
20.248480;19.849508
20.244059;19.848515
20.000000;20.000000
20.225243;19.850214
20.210848;19.847445
20.199694;19.844250
20.192930;19.845770
20.182722;19.841709
20.177702;19.845461
20.167833;19.840914
20.161110;19.842222
20.153837;19.840637
20.147896;19.839842
20.144714;19.842348
20.136366;19.838659
20.130215;19.838764
20.124794;19.838308
20.119209;19.838165
20.114748;19.836803
20.110929;19.838413
20.104551;19.836287
20.099749;19.835943
20.095325;19.835934
20.090914;19.835157
20.085966;19.834776
20.081734;19.834034
20.077374;19.833611
20.072882;19.833776
20.069056;19.832420
20.064878;19.832098
20.060650;19.832119
20.056646;19.831518
20.052654;19.830751
20.048841;19.829872
20.044825;19.829803
20.040928;19.829338
20.036999;19.828957
20.033169;19.828173
20.029356;19.827480
20.025473;19.827370
20.021690;19.826601
20.017796;19.826159
20.013908;19.825804
20.010078;19.825291
20.006233;19.824360
20.002312;19.824015
19.998428;19.823757
19.994444;19.822838
19.990540;19.823002
19.986563;19.822258
19.982433;19.821110
19.978485;19.821039
19.974279;19.820080
19.970221;19.820200
19.965981;19.819681
19.961685;19.819012
19.957302;19.818197
19.953066;19.818470
19.948444;19.817389
19.944065;19.817373
19.939293;19.816532
19.934658;19.816273
19.930267;19.816824
19.924971;19.815416
19.920107;19.815289
19.915115;19.815050
19.909693;19.814293
19.904459;19.814116
19.899073;19.813850
19.891668;19.809959
19.893026;19.812925
19.879091;19.809952
19.880854;19.813274
19.872318;19.810802
19.862347;19.811390
19.853268;19.807873
19.855793;19.811293
19.840086;19.804916
19.841446;19.810608
19.828856;19.807270
19.823252;19.804235
19.817717;19.801498
19.809975;19.800180
19.799143;19.799221
19.791265;19.797960
19.779127;19.799580
19.769051;19.796219
19.759335;19.794445
19.747465;19.792263
19.733990;19.793100
19.722031;19.788969
19.707150;19.786354
19.690670;19.786245
19.673025;19.781523
19.653040;19.779217
19.634848;19.777695
19.614004;19.772598
19.585863;19.766861
19.560308;19.766171
19.532852;19.760971
19.498388;19.757853
19.460203;19.751501
19.417988;19.744810
19.368750;19.737251
19.308802;19.728798
19.239214;19.717623
19.163486;19.707279
19.063950;19.694151
18.940559;19.677290
18.793205;19.656424
18.762794;19.676699
18.760820;19.706341
20.000000;20.000000
20.000000;20.000000
20.000000;20.000000
20.000000;20.000000
20.000000;20.000000
20.000000;20.000000
20.000000;20.000000
20.000000;20.000000
20.000000;20.000000
20.000000;20.000000
20.000000;20.000000
20.000000;20.000000
20.000000;20.000000
20.000000;20.000000
20.000000;20.000000
20.000000;20.000000
18.662901;20.377073
20.000000;20.000000
18.668554;20.406958
20.000000;20.000000
18.658293;20.443954
20.000000;20.000000
18.656933;20.475479
20.000000;20.000000
18.652607;20.511600
20.000000;20.000000
18.645658;20.549309
20.000000;20.000000
18.636990;20.586906
18.642483;20.620844
18.638725;20.659233
18.627399;20.702660
18.625643;20.741230
18.624563;20.781094
18.620693;20.823133
18.613453;20.871145
18.604656;20.918470
18.593319;20.971851
18.588360;21.021982
19.452148;20.434521
19.485580;20.427317
19.507463;20.429499
19.521687;20.437544
19.532587;20.446640
19.542198;20.456486
19.549515;20.469269
19.556082;20.483324
19.560328;20.498579
19.560652;20.520321
19.553596;20.553074
19.548946;20.583487
19.038845;21.374229
19.083052;21.377163
19.129833;21.373270
19.168596;21.379303
19.206396;21.383841
20.000000;20.000000
19.240301;21.394489
20.000000;20.000000
19.279036;21.397768
19.315151;21.403860
19.352312;21.407640
19.385622;21.415956
19.418348;21.427011
19.960135;20.165260
19.964426;20.163168
19.968605;20.161222
19.972523;20.159906
19.976128;20.159979
19.979708;20.160473
19.983219;20.161631
20.000000;20.000000
20.000000;20.000000
20.000000;20.000000
