21.88;22.03;25.94;26.09
23.44;23.59;23.75;23.91
23.28;23.44;23.75;23.91
23.12;23.28;23.75;23.91
22.97;23.12;23.75;23.91
22.81;22.97;23.75;23.91
22.66;22.81;23.75;23.91
22.50;22.66;23.75;23.91
22.34;22.50;23.75;23.91
22.19;22.34;23.75;23.91
22.03;22.19;23.75;23.91
21.88;22.03;23.75;23.91
21.72;21.88;23.91;24.06
21.56;21.72;23.91;24.06
21.41;21.56;23.91;24.06
21.88;22.03;21.88;22.03
21.88;22.03;21.72;21.88
21.88;22.03;21.56;21.72
21.88;22.03;21.41;21.56
21.72;21.88;21.41;21.56
21.72;21.88;21.25;21.41
20.00;20.16;21.41;21.56
20.16;20.31;21.25;21.41
20.00;20.16;21.25;21.41
22.03;22.19;20.78;20.94
21.88;22.03;20.78;20.94
22.03;22.19;20.62;20.78
21.72;21.88;21.09;21.25
21.72;21.88;20.94;21.09
22.03;22.19;20.47;20.62
22.03;22.19;20.31;20.47
22.03;22.19;20.16;20.31
22.03;22.19;20.00;20.16
20.16;20.31;21.09;21.25
20.00;20.16;21.09;21.25
19.53;19.69;24.06;24.22
19.38;19.53;24.06;24.22
19.22;19.38;24.06;24.22
19.06;19.22;24.06;24.22
18.91;19.06;24.06;24.22
18.75;18.91;24.06;24.22
18.59;18.75;24.06;24.22
18.44;18.59;24.06;24.22
18.28;18.44;24.06;24.22
18.12;18.28;24.06;24.22
17.97;18.12;24.22;24.38
17.81;17.97;24.22;24.38
17.66;17.81;24.22;24.38
17.50;17.66;24.22;24.38
18.59;18.75;22.03;22.19
18.44;18.59;22.03;22.19
18.44;18.59;21.88;22.03
18.44;18.59;21.72;21.88
18.44;18.59;21.56;21.72
18.44;18.59;21.41;21.56
18.44;18.59;21.25;21.41
19.84;20.00;21.09;21.25
18.44;18.59;21.09;21.25
18.44;18.59;20.94;21.09
18.44;18.59;20.78;20.94
18.44;18.59;20.62;20.78
18.44;18.59;20.47;20.62
18.44;18.59;20.31;20.47
18.28;18.44;20.31;20.47
18.28;18.44;20.16;20.31
18.28;18.44;20.00;20.16
22.03;22.19;19.84;20.00
22.03;22.19;19.69;19.84
21.72;21.88;19.69;19.84
21.56;21.72;19.69;19.84
21.56;21.72;19.53;19.69
21.56;21.72;19.38;19.53
21.25;21.41;19.22;19.38
21.56;21.72;18.91;19.06
21.56;21.72;18.75;18.91
21.56;21.72;18.59;18.75
21.56;21.72;18.44;18.59
21.56;21.72;18.28;18.44
21.88;22.03;17.81;17.97
21.72;21.88;17.81;17.97
21.72;21.88;17.66;17.81
21.72;21.88;17.50;17.66
21.72;21.88;17.34;17.50
21.72;21.88;17.19;17.34
21.56;21.72;17.19;17.34
21.41;21.56;17.19;17.34
21.41;21.56;17.03;17.19
21.41;21.56;16.88;17.03
21.25;21.41;16.88;17.03
21.09;21.25;16.88;17.03
21.09;21.25;16.72;16.88
21.09;21.25;16.56;16.72
20.94;21.09;16.25;16.41
21.25;21.41;14.38;14.53
20.16;20.31;11.88;12.03
20.00;20.16;11.88;12.03
21.09;21.25;11.72;11.88
20.62;20.78;11.72;11.88
20.31;20.47;11.72;11.88
18.91;19.06;19.84;20.00
18.91;19.06;19.69;19.84
18.75;18.91;19.69;19.84
18.91;19.06;19.53;19.69
18.75;18.91;19.53;19.69
18.91;19.06;19.38;19.53
18.28;18.44;19.84;20.00
18.28;18.44;19.69;19.84
18.28;18.44;19.53;19.69
18.28;18.44;19.38;19.53
18.28;18.44;19.22;19.38
18.28;18.44;19.06;19.22
18.28;18.44;18.91;19.06
18.28;18.44;18.75;18.91
18.28;18.44;18.59;18.75
18.12;18.28;18.59;18.75
18.12;18.28;18.44;18.59
18.12;18.28;18.28;18.44
18.12;18.28;18.12;18.28
18.12;18.28;17.97;18.12
17.97;18.12;17.81;17.97
17.97;18.12;17.66;17.81
17.97;18.12;17.50;17.66
17.97;18.12;17.34;17.50
17.97;18.12;17.03;17.19
17.97;18.12;16.88;17.03
17.97;18.12;16.41;16.56
17.81;17.97;16.41;16.56
17.97;18.12;15.62;15.78
19.69;19.84;11.88;12.03
19.53;19.69;11.88;12.03
19.38;19.53;11.88;12.03
19.22;19.38;11.88;12.03
19.06;19.22;11.88;12.03
18.75;18.91;11.88;12.03
18.59;18.75;11.88;12.03
18.44;18.59;11.88;12.03
18.28;18.44;11.88;12.03
17.97;18.12;12.03;12.19
17.81;17.97;12.03;12.19
17.66;17.81;12.03;12.19
