27.81;28.12;20.62;20.94
28.12;28.44;20.31;20.62
28.12;28.44;20.00;20.31
27.81;28.12;20.31;20.62
27.81;28.12;20.00;20.31
25.94;26.25;21.88;22.19
25.62;25.94;21.88;22.19
25.31;25.62;21.88;22.19
23.75;24.06;21.56;21.88
23.75;24.06;21.25;21.56
22.50;22.81;22.19;22.50
22.81;23.12;21.88;22.19
22.50;22.81;21.88;22.19
23.44;23.75;21.56;21.88
23.12;23.44;21.56;21.88
23.44;23.75;21.25;21.56
23.12;23.44;21.25;21.56
22.81;23.12;21.56;21.88
22.50;22.81;21.56;21.88
22.81;23.12;21.25;21.56
22.19;22.50;22.19;22.50
21.88;22.19;22.19;22.50
22.19;22.50;21.88;22.19
21.88;22.19;21.88;22.19
21.56;21.88;21.88;22.19
21.25;21.56;21.56;21.88
20.00;20.31;21.88;22.19
20.94;21.25;21.56;21.88
20.62;20.94;21.56;21.88
20.31;20.62;21.56;21.88
20.00;20.31;21.56;21.88
20.31;20.62;21.25;21.56
15.94;16.25;23.12;23.44
15.62;15.94;23.12;23.44
15.94;16.25;22.81;23.12
15.62;15.94;22.81;23.12
15.94;16.25;22.50;22.81
15.62;15.94;22.50;22.81
19.69;20.00;21.88;22.19
19.38;19.69;21.88;22.19
19.06;19.38;21.88;22.19
18.75;19.06;21.88;22.19
19.06;19.38;21.56;21.88
18.75;19.06;21.56;21.88
18.44;18.75;21.56;21.88
18.12;18.44;21.56;21.88
17.81;18.12;21.56;21.88
19.06;19.38;20.00;20.31
18.75;19.06;20.00;20.31
18.12;18.44;20.00;20.31
15.94;16.25;22.19;22.50
15.94;16.25;21.88;22.19
15.62;15.94;21.88;22.19
15.94;16.25;21.56;21.88
15.62;15.94;21.56;21.88
15.94;16.25;21.25;21.56
15.62;15.94;21.25;21.56
15.94;16.25;20.94;21.25
15.62;15.94;20.94;21.25
15.94;16.25;20.00;20.31
15.62;15.94;20.00;20.31
13.75;14.06;21.56;21.88
13.75;14.06;21.25;21.56
14.06;14.38;20.94;21.25
13.75;14.06;20.94;21.25
14.06;14.38;20.62;20.94
13.75;14.06;20.62;20.94
14.06;14.38;20.31;20.62
13.75;14.06;20.31;20.62
28.12;28.44;19.69;20.00
28.12;28.44;19.38;19.69
27.81;28.12;19.69;20.00
28.12;28.44;19.06;19.38
28.12;28.44;18.75;19.06
25.94;26.25;18.44;18.75
25.62;25.94;18.44;18.75
25.31;25.62;18.44;18.75
25.00;25.31;18.44;18.75
24.69;25.00;18.44;18.75
24.38;24.69;18.44;18.75
24.06;24.38;18.44;18.75
23.75;24.06;18.44;18.75
23.44;23.75;18.44;18.75
23.12;23.44;18.44;18.75
22.81;23.12;18.44;18.75
22.50;22.81;18.44;18.75
22.81;23.12;18.12;18.44
22.50;22.81;18.12;18.44
22.19;22.50;18.44;18.75
21.88;22.19;18.44;18.75
22.19;22.50;18.12;18.44
21.56;21.88;18.44;18.75
21.25;21.56;18.44;18.75
20.94;21.25;18.44;18.75
20.62;20.94;18.44;18.75
20.31;20.62;18.44;18.75
20.00;20.31;18.44;18.75
19.69;20.00;19.69;20.00
19.38;19.69;19.69;20.00
19.69;20.00;19.38;19.69
19.38;19.69;19.38;19.69
19.06;19.38;19.69;20.00
18.75;19.06;19.69;20.00
19.06;19.38;19.38;19.69
19.69;20.00;18.44;18.75
19.38;19.69;18.44;18.75
19.06;19.38;18.44;18.75
18.75;19.06;18.44;18.75
18.44;18.75;18.44;18.75
18.12;18.44;18.44;18.75
17.81;18.12;18.44;18.75
15.94;16.25;19.69;20.00
15.62;15.94;19.69;20.00
15.94;16.25;19.38;19.69
15.62;15.94;19.38;19.69
15.94;16.25;19.06;19.38
15.62;15.94;19.06;19.38
15.94;16.25;18.75;19.06
15.62;15.94;18.75;19.06
15.94;16.25;18.44;18.75
15.62;15.94;18.44;18.75
15.94;16.25;18.12;18.44
15.62;15.94;18.12;18.44
15.94;16.25;17.81;18.12
15.94;16.25;17.50;17.81
15.94;16.25;17.19;17.50
