5.017432;6.652908
5.054029;6.637609
5.091148;6.637465
5.128464;6.638722
5.166515;6.667707
5.203171;6.647268
5.241587;6.663802
5.281451;6.671470
5.320805;6.670475
5.358775;6.666314
5.411731;6.732241
5.493594;6.896314
5.555448;6.953831
5.000000;5.000000
5.805695;7.441231
5.759258;7.129706
5.821746;7.153010
5.869378;7.128822
5.920990;7.119824
5.971902;7.108537
6.037516;7.124717
6.137967;7.205193
6.153099;7.117092
6.212265;7.109190
6.239221;7.047431
6.857028;7.941919
6.934443;7.916235
5.000000;5.000000
10.308229;12.323264
10.424667;12.142545
10.198040;11.528034
10.198218;11.233466
10.131246;10.877536
10.141322;10.626872
10.087311;10.323916
6.118330;6.091213
6.116968;6.041207
6.104962;5.983108
6.100712;5.935035
6.095753;5.887370
6.089701;5.843874
6.083927;5.798431
6.078172;5.757635
6.074885;5.719558
6.066288;5.677370
6.059054;5.639197
6.054518;5.605013
6.049871;5.569738
6.044992;5.537230
6.038216;5.504383
6.033086;5.471870
6.030966;5.443344
6.027862;5.415057
6.021947;5.386238
6.017927;5.358615
6.011998;5.330986
6.008453;5.303906
6.012661;5.279405
5.000000;5.000000
6.232262;5.287033
5.000000;5.000000
5.000000;5.000000
5.000000;5.000000
5.000000;5.000000
5.000000;5.000000
5.000000;5.000000
5.000000;5.000000
7.496789;5.149309
7.598460;5.096455
7.589968;5.038242
7.576420;4.979744
7.555812;4.922055
7.555430;4.864880
7.553058;4.808229
7.548989;4.749687
7.542922;4.692052
7.541557;4.635936
7.525030;4.578307
7.513998;4.522198
7.500355;4.467163
7.499021;4.408799
7.078093;4.455473
6.716815;4.503203
6.434400;4.545281
6.241593;4.570600
6.081267;4.596075
5.961879;4.613838
5.924668;4.603102
5.939434;4.572211
5.922516;4.553246
5.911505;4.532832
5.912860;4.508008
5.905820;4.482952
5.900297;4.460148
5.898051;4.433124
5.894617;4.407556
5.893657;4.379419
5.887050;4.354168
5.887756;4.324553
5.882661;4.295646
5.874749;4.268963
5.873309;4.238020
5.871039;4.205808
5.866709;4.174032
5.859009;4.144279
5.854661;4.109188
5.847587;4.077175
5.845038;4.038589
5.844708;3.995122
5.837863;3.956818
5.828248;3.920034
5.824326;3.874606
5.816295;3.832888
5.000000;5.000000
5.000000;5.000000
6.319645;2.850516
5.000000;5.000000
5.000000;5.000000
6.107800;2.886197
6.037998;2.903937
5.845413;3.181951
5.907476;2.937842
5.859036;2.919902
5.797791;2.940631
5.747253;2.929731
5.691431;2.941521
5.667137;2.855630
5.653008;2.730321
5.638178;2.581533
5.615621;2.445895
5.593021;2.269915
5.557732;2.131467
5.764331;0.610042
5.847536;-0.555725
5.000000;5.000000
5.588114;-0.520512
5.312582;1.190804
5.227640;1.143713
5.140631;1.181839
5.049868;1.203578
4.965157;1.214410
4.881932;1.258112
4.944093;4.346386
4.929963;4.348504
4.914590;4.344289
4.900760;4.351550
4.887572;4.366143
4.872068;4.370111
4.857754;4.371906
4.843941;4.375453
4.829176;4.378551
4.816570;4.380589
4.800899;4.382032
4.787265;4.385269
4.771543;4.388802
4.757769;4.390899
4.742066;4.394119
4.726085;4.395405
4.713502;4.399326
4.695852;4.400208
4.682651;4.403120
4.666156;4.406444
4.650037;4.408819
4.632164;4.410910
4.616625;4.413421
4.600761;4.417725
4.582659;4.421904
4.563672;4.421937
4.547449;4.427839
4.528060;4.428078
4.509685;4.432799
4.490111;4.433398
4.470709;4.436978
4.450364;4.440582
4.427166;4.441913
4.407392;4.448542
4.383123;4.452950
4.357743;4.455896
4.336174;4.461150
4.308866;4.462975
4.282535;4.467892
4.256187;4.474011
4.227304;4.478434
4.197134;4.481940
4.165130;4.486782
5.000000;5.000000
5.000000;5.000000
3.106578;3.974602
3.138592;4.045758
3.142228;4.100104
3.139203;4.151790
3.099512;4.184032
3.096147;4.233123
3.105019;4.286088
3.058451;4.318294
2.972929;4.339387
2.888132;4.362466
2.757527;4.376646
2.770331;4.433539
2.774752;4.487514
2.794961;4.546206
2.807771;4.600965
2.814365;4.653056
2.819710;4.704307
2.824626;4.753899
2.829463;4.805326
2.830603;4.854816
2.852654;4.903792
2.854236;4.954323
2.856250;5.001028
2.861350;5.050654
3.372298;5.081685
3.339993;5.118770
3.361977;5.154040
3.369164;5.191152
3.236913;5.244795
3.154791;5.297260
3.115010;5.346098
2.613789;5.487503
2.570915;5.553058
2.572964;5.609920
2.575815;5.667861
2.576699;5.726989
2.590213;5.782017
2.677664;5.812906
2.691569;5.866643
2.702918;5.921433
2.693038;5.985774
2.727994;6.032234
3.834147;5.574009
3.929215;5.560260
4.014551;5.546825
4.077982;5.539977
4.158343;5.521736
4.193553;5.525862
4.199717;5.546802
4.203267;5.570199
4.210569;5.594090
4.209750;5.620505
4.215204;5.647220
4.216649;5.674153
4.220992;5.701035
4.227418;5.728671
4.227065;5.760731
4.233663;5.787039
4.240266;5.818154
4.243813;5.849423
4.247576;5.883854
4.249306;5.921730
4.255928;5.957030
4.264936;5.992113
4.268738;6.032834
4.271259;6.078954
4.279856;6.118165
4.287956;6.161050
4.295848;6.210319
4.302029;6.260681
4.311106;6.313566
5.000000;5.000000
5.000000;5.000000
5.000000;5.000000
5.000000;5.000000
5.000000;5.000000
4.150831;7.289868
4.137855;7.492083
4.191148;7.519603
4.205764;7.678215
4.369130;7.330884
4.422370;7.340268
4.272744;8.205537
4.328225;8.301090
4.407644;8.290101
4.489549;8.274452
4.705508;7.274515
4.761147;7.242063
4.858735;6.750309
4.901442;6.717174
4.935945;6.762086
4.977997;6.675106
