5.005397;6.655741
5.042694;6.648947
5.079455;6.646334
5.117913;6.648037
5.153763;6.650352
5.192357;6.649321
5.232486;6.674438
5.270346;6.675074
5.308654;6.668440
5.348179;6.667538
5.396719;6.718811
5.000000;5.000000
5.000000;5.000000
5.730433;7.441582
5.000000;5.000000
5.747374;7.138408
5.811893;7.164490
5.861341;7.149064
5.907362;7.125149
5.000000;5.000000
5.998880;7.074269
6.160113;7.283449
6.166576;7.171480
6.196141;7.111484
6.234125;7.067995
5.000000;5.000000
5.000000;5.000000
5.000000;5.000000
5.000000;5.000000
5.000000;5.000000
5.000000;5.000000
5.000000;5.000000
5.000000;5.000000
5.000000;5.000000
5.000000;5.000000
6.141863;6.130751
6.124608;6.063748
6.118374;6.009347
6.108932;5.956572
6.101851;5.906389
6.088356;5.853734
6.085810;5.812252
6.084371;5.773540
6.077415;5.731015
6.069770;5.692318
6.062993;5.653873
6.059449;5.615969
6.052317;5.580372
6.045771;5.545513
6.050148;5.518668
6.036461;5.483054
6.032485;5.453648
6.031744;5.425394
6.027296;5.395367
6.020188;5.365691
6.018336;5.338905
6.013378;5.312611
6.012420;5.286769
5.000000;5.000000
5.000000;5.000000
6.214808;5.262048
5.000000;5.000000
5.000000;5.000000
5.000000;5.000000
5.000000;5.000000
5.000000;5.000000
5.000000;5.000000
5.000000;5.000000
7.589369;5.116758
7.578584;5.058601
7.576750;5.000000
7.564843;4.941957
7.557413;4.884929
7.548717;4.828203
7.545356;4.769740
7.538336;4.713083
7.537801;4.656069
7.531576;4.599884
7.515348;4.543147
7.505445;4.485384
7.489913;4.430330
7.269550;4.425028
6.852588;4.482536
6.551820;4.522917
6.313799;4.561644
6.144434;4.585309
6.004556;4.606847
5.930744;4.610390
5.921455;4.588902
5.930799;4.559546
5.915679;4.541065
5.914243;4.517508
5.906247;4.495418
5.904607;4.469870
5.899457;4.444818
5.895684;4.418759
5.897233;4.389476
5.892955;4.364942
5.887989;4.337323
5.883604;4.310156
5.877641;4.282270
5.875094;4.252715
5.871380;4.218858
5.867911;4.187685
5.863048;4.155128
5.857043;4.123678
5.851273;4.091164
5.849167;4.051274
5.846074;4.012676
5.840779;3.972699
5.834606;3.934769
5.827276;3.892335
5.822135;3.846806
5.000000;5.000000
5.000000;5.000000
6.361589;2.833307
6.286218;2.845183
5.000000;5.000000
6.145365;2.868491
6.081458;2.870357
5.877662;3.162604
5.830256;3.158513
5.883864;2.922720
5.831866;2.916962
5.770824;2.938391
5.708288;2.963399
5.678849;2.899209
5.662789;2.785300
5.645831;2.654023
5.627892;2.513554
5.602850;2.369701
5.574028;2.214788
5.795862;0.714015
5.732990;0.507656
5.611442;0.633098
5.000000;5.000000
5.502318;-0.276393
5.264976;1.240827
5.182022;1.213372
5.094095;1.211418
5.010549;1.206015
4.924635;1.202998
4.950577;4.334332
4.935260;4.342680
4.922329;4.343328
4.907515;4.350805
4.894690;4.359601
4.881549;4.368513
4.867008;4.370903
4.850776;4.373784
4.837598;4.376813
4.824551;4.378541
4.809621;4.381382
4.795298;4.384128
4.779855;4.387884
4.766773;4.390338
4.752544;4.392733
4.735426;4.394532
4.721000;4.396082
4.706785;4.399236
4.690403;4.403565
4.676608;4.406657
4.661184;4.411286
4.643117;4.411508
4.626923;4.411846
4.609434;4.415477
4.594679;4.420722
4.575464;4.421575
4.559761;4.424596
4.540928;4.428882
4.520828;4.430524
4.501953;4.434570
4.482641;4.437150
4.462807;4.439654
4.439574;4.441077
4.419068;4.443820
4.396303;4.449140
4.375117;4.453721
4.351668;4.459237
4.324265;4.461195
4.301635;4.466215
4.273073;4.469361
4.245705;4.474586
4.217527;4.479552
4.185462;4.484418
4.147606;4.484307
5.000000;5.000000
5.000000;5.000000
3.123625;4.000985
3.141246;4.063712
3.121474;4.105786
3.124762;4.158850
3.092853;4.194566
3.102315;4.248687
3.112130;4.302788
3.035135;4.324463
2.949924;4.345561
2.836484;4.361558
2.754834;4.391175
2.775993;4.451066
2.781176;4.505544
2.781473;4.557381
2.793335;4.612093
2.812159;4.665597
2.816972;4.717353
2.827792;4.768589
2.829589;4.818335
2.847783;4.868190
2.848349;4.917032
2.850789;4.964762
2.858042;5.013349
2.862176;5.062941
3.351000;5.090839
3.351982;5.128239
3.368441;5.163696
3.361300;5.201158
3.210243;5.257949
3.137799;5.309529
3.087944;5.361880
2.545977;5.515098
2.542081;5.573769
2.555995;5.628403
2.564865;5.684461
2.575953;5.740913
2.613361;5.788439
2.680255;5.825505
2.690968;5.881295
2.694367;5.940296
2.707347;5.993728
2.718836;6.050677
3.855018;5.572762
3.950283;5.557339
4.031257;5.545968
4.086752;5.541564
4.171347;5.518969
4.198526;5.528885
4.202225;5.553092
4.207608;5.574941
4.207995;5.601877
4.210787;5.627063
4.216265;5.652809
4.218822;5.678959
4.222363;5.707394
4.227168;5.734951
4.230935;5.766415
4.233411;5.795496
4.240294;5.826349
4.244336;5.858233
4.247395;5.892875
4.253366;5.927590
4.258726;5.963303
4.266795;5.999385
4.269963;6.043784
4.273211;6.085688
4.276888;6.133485
4.287971;6.173359
4.293854;6.225341
4.300375;6.275184
4.307580;6.334566
5.000000;5.000000
5.000000;5.000000
5.000000;5.000000
5.000000;5.000000
5.000000;5.000000
4.154238;7.311904
4.148540;7.494432
4.212091;7.493739
4.236578;7.613793
4.379159;7.334610
4.432226;7.344737
4.253168;8.354366
4.331436;8.356055
4.411161;8.344053
4.469900;8.270569
4.691070;7.274617
5.000000;5.000000
4.846083;6.757774
4.887637;6.733863
4.927235;6.739729
4.968773;6.678710
