5.010878;6.668465
5.048543;6.648786
5.085424;6.648538
5.123508;6.650636
5.161230;6.666469
5.197473;6.657277
5.238037;6.670879
5.276251;6.676898
5.313614;6.669296
5.354184;6.669085
5.406300;6.725562
5.000000;5.000000
5.680163;7.440492
5.750504;7.484365
5.807617;7.467705
5.755736;7.135998
5.817585;7.153257
5.863048;7.131396
5.913651;7.114013
5.956393;7.085401
6.015848;7.090500
6.142348;7.225712
6.155847;7.130395
6.203531;7.106128
6.214581;7.014124
6.826845;7.902727
6.923742;7.913424
5.000000;5.000000
10.306030;12.349848
10.427855;12.175263
10.199339;11.555422
10.186576;11.243807
10.141681;10.908899
10.113863;10.618417
10.168802;10.426879
6.119754;6.095121
6.111533;6.037137
6.112596;5.992579
6.101359;5.938133
6.094632;5.889942
6.091135;5.847330
6.084386;5.801178
6.079416;5.760211
6.074749;5.721109
6.069311;5.683326
6.062131;5.644254
6.059114;5.608055
6.052673;5.573482
6.049225;5.541569
6.041813;5.506130
6.034179;5.473689
6.029324;5.444627
6.028564;5.414652
6.025466;5.388242
6.021710;5.358407
6.015467;5.332444
6.011173;5.304409
6.011804;5.280631
5.000000;5.000000
6.232340;5.287798
5.000000;5.000000
5.000000;5.000000
5.000000;5.000000
5.000000;5.000000
5.000000;5.000000
5.000000;5.000000
5.000000;5.000000
7.562290;5.151254
7.602235;5.095846
7.593989;5.036809
7.586164;4.978924
7.560514;4.920437
7.553815;4.862755
7.551165;4.806404
7.545634;4.748784
7.543022;4.690803
7.545237;4.631672
7.522365;4.576017
7.510147;4.520685
7.499239;4.463141
7.493262;4.405110
7.079062;4.450316
6.718500;4.499143
6.442133;4.542374
6.245509;4.570448
6.085639;4.594204
5.961072;4.613841
5.927270;4.602827
5.940117;4.571900
5.921295;4.554165
5.911909;4.534169
5.911413;4.507433
5.906197;4.484118
5.900687;4.462260
5.898924;4.434979
5.896834;4.406830
5.891695;4.381415
5.887804;4.356481
5.885750;4.327284
5.883215;4.297143
5.873965;4.270755
5.872227;4.240583
5.870811;4.205557
5.865149;4.174569
5.858604;4.141396
5.855103;4.106843
5.848711;4.073457
5.844907;4.037809
5.838861;3.999353
5.837263;3.956336
5.827716;3.918367
5.824092;3.872886
5.817546;3.829187
5.000000;5.000000
5.000000;5.000000
6.314670;2.852158
6.004986;3.261879
5.000000;5.000000
6.105047;2.883065
6.038716;2.898435
5.848577;3.173773
5.904286;2.940809
5.851535;2.933575
5.796554;2.938544
5.735253;2.956232
5.689019;2.942822
5.667836;2.845376
5.648172;2.735695
5.635751;2.583221
5.614665;2.436923
5.590243;2.271359
5.000000;5.000000
5.757378;0.630148
5.837071;-0.526213
5.000000;5.000000
5.579539;-0.495024
5.304106;1.241031
5.224517;1.159056
5.136127;1.164165
5.046666;1.197536
4.961765;1.201942
4.877910;1.233728
4.941985;4.346821
4.927707;4.349253
4.913563;4.346189
4.898507;4.355442
4.885717;4.366983
4.871394;4.370503
4.857032;4.372070
4.843404;4.376102
4.829295;4.378518
4.815632;4.381129
4.801306;4.382689
4.786087;4.385678
4.772449;4.389264
4.756146;4.392086
4.741230;4.393931
4.727707;4.397141
4.713193;4.400305
4.697858;4.400034
4.681286;4.404415
4.665018;4.407085
4.651099;4.409063
4.632886;4.412817
4.617823;4.413536
4.602534;4.419238
4.583017;4.420413
4.565683;4.422301
4.548389;4.425188
4.529469;4.427888
4.510665;4.432944
4.492096;4.437667
4.472241;4.438283
4.451859;4.441567
4.428099;4.443463
4.408515;4.449904
4.383532;4.450985
4.360471;4.454617
4.338836;4.461838
4.309518;4.462951
4.286061;4.468595
4.259288;4.474391
4.229811;4.478297
4.197974;4.482482
4.169111;4.488900
5.000000;5.000000
5.000000;5.000000
3.103432;3.966776
3.144203;4.044137
3.109975;4.080674
3.136906;4.145992
3.100168;4.179348
3.106173;4.231669
3.102156;4.280227
3.075802;4.317955
2.975377;4.333522
2.890630;4.356816
2.756320;4.369817
2.767062;4.428148
2.769163;4.481721
2.795076;4.540719
2.794708;4.591813
2.820589;4.647400
2.820351;4.697794
2.826665;4.749274
2.826931;4.797325
2.827523;4.848541
2.845208;4.897041
2.863644;4.947556
2.859255;4.995279
2.858672;5.042502
3.371519;5.075933
3.342630;5.113472
3.354263;5.149355
3.372968;5.184857
3.251708;5.234886
3.167933;5.287579
3.118125;5.338071
2.613055;5.478838
2.609890;5.533830
2.567973;5.601268
2.573082;5.657861
2.564061;5.717817
2.594975;5.768256
2.680087;5.800840
2.691732;5.853476
2.703322;5.908260
2.700733;5.969997
2.717955;6.023364
3.817687;5.576210
3.914779;5.560676
4.000228;5.547773
4.070763;5.540502
4.118524;5.539077
4.193132;5.521080
4.197266;5.544535
4.204455;5.566700
4.207474;5.590373
4.210137;5.617757
4.216290;5.640663
4.216979;5.667622
4.220892;5.694930
4.227203;5.722599
4.229874;5.751453
4.234676;5.782089
4.237922;5.812204
4.242327;5.843734
4.251048;5.874327
4.249250;5.914256
4.256245;5.948714
4.261757;5.985693
4.268348;6.022122
4.270810;6.068980
4.277248;6.111415
4.289402;6.146081
4.290988;6.201385
4.297617;6.249919
4.300584;6.313661
4.320501;6.345113
5.000000;5.000000
5.000000;5.000000
5.000000;5.000000
5.000000;5.000000
5.000000;5.000000
4.171621;7.351348
4.170546;7.528687
4.231979;7.531825
4.334441;7.387206
4.407931;7.330467
5.000000;5.000000
4.306809;8.304068
4.387411;8.290208
4.477739;8.273855
4.697141;7.280729
4.752421;7.254195
4.851645;6.760260
4.895512;6.722333
4.931507;6.754414
4.972278;6.690773
