5.021563;6.653609
5.058968;6.639440
5.095442;6.635468
5.133122;6.651393
5.170995;6.672029
5.208731;6.663455
5.246176;6.662877
5.286983;6.671036
5.324774;6.671236
5.363671;6.671137
5.418432;6.745549
5.496758;6.891352
5.675780;7.386672
5.000000;5.000000
5.811623;7.439530
5.763108;7.125674
5.824582;7.146838
5.873606;7.129252
5.925444;7.120611
5.973815;7.100492
6.079407;7.202467
6.152485;7.224422
6.157532;7.112676
6.221074;7.116523
6.248123;7.057238
6.864138;7.940676
6.954294;7.935762
5.000000;5.000000
10.315453;12.308133
10.357406;12.025970
10.199466;11.508030
10.166340;11.174749
10.077379;10.800103
10.142884;10.610192
10.157227;10.379502
6.124452;6.094244
6.118214;6.038767
6.102635;5.977822
6.100786;5.931469
6.091108;5.881186
6.091053;5.840079
6.079960;5.793275
6.079418;5.755423
6.070855;5.713890
6.065783;5.674900
6.058106;5.637380
6.057847;5.604229
6.051294;5.568685
6.044720;5.535571
6.036461;5.499973
6.029125;5.469108
6.027551;5.439892
6.024248;5.411315
6.020998;5.383085
6.018548;5.356092
6.012012;5.328522
6.011915;5.303679
6.014670;5.279645
6.190133;5.302603
6.190017;5.274427
5.000000;5.000000
5.000000;5.000000
5.000000;5.000000
5.000000;5.000000
5.000000;5.000000
5.000000;5.000000
5.000000;5.000000
7.548598;5.145542
7.598185;5.090209
7.600795;5.032666
7.567857;4.972918
7.560357;4.915527
7.555335;4.858497
7.551786;4.801435
7.561814;4.742226
7.544063;4.686963
7.571704;4.624318
7.531611;4.572216
7.521636;4.514230
7.502670;4.458889
7.492562;4.403256
7.058047;4.453972
6.704678;4.501752
6.418651;4.547728
6.227800;4.574315
6.076742;4.596824
5.961534;4.610976
5.925818;4.601346
5.936708;4.572259
5.921456;4.552778
5.913683;4.531052
5.911993;4.505877
5.907675;4.481662
5.901876;4.457436
5.900001;4.431530
5.897704;4.404521
5.891712;4.379248
5.887316;4.352411
5.883345;4.325364
5.883607;4.293226
5.874271;4.267224
5.872222;4.236018
5.869788;4.204808
5.864820;4.173139
5.858781;4.141219
5.853988;4.106122
5.850071;4.072330
5.845283;4.035145
5.840789;3.997054
5.836999;3.954202
5.829978;3.914117
5.823669;3.871648
5.822825;3.819458
5.000000;5.000000
5.000000;5.000000
6.315062;2.851518
5.000000;5.000000
5.000000;5.000000
6.106698;2.881388
6.033806;2.903817
5.846336;3.172182
5.901443;2.934925
5.851012;2.925251
5.792116;2.940048
5.742855;2.927618
5.689695;2.929605
5.664501;2.845915
5.647888;2.721836
5.631495;2.580555
5.610224;2.430465
5.586792;2.265756
5.000000;5.000000
5.750855;0.617862
5.831020;-0.558220
5.000000;5.000000
5.568388;-0.474825
5.301007;1.179088
5.213198;1.196220
5.130247;1.152954
5.042697;1.193740
4.958140;1.236233
4.872499;1.190883
4.941599;4.340330
4.927707;4.349253
4.911821;4.347935
4.899714;4.354241
4.885640;4.367251
4.872381;4.369792
4.856907;4.372355
4.843343;4.375860
4.829831;4.378371
4.815881;4.381316
4.800247;4.382243
4.786559;4.385514
4.770020;4.388305
4.756392;4.391179
4.740632;4.394459
4.726066;4.398435
4.710506;4.398544
4.694299;4.401560
4.680365;4.404341
4.663597;4.406166
4.646533;4.407703
4.632665;4.413840
4.614816;4.413113
4.596779;4.418040
4.580422;4.419510
4.562897;4.422524
4.544837;4.425443
4.525200;4.427524
4.507944;4.433316
4.487178;4.435713
4.466963;4.439488
4.447551;4.442656
4.423705;4.443686
4.405388;4.449966
4.378762;4.451843
4.356006;4.457177
4.331644;4.461184
4.306811;4.465630
4.280963;4.468754
4.252266;4.473064
4.225003;4.478717
4.195028;4.484291
4.157191;4.486345
5.000000;5.000000
5.000000;5.000000
3.104176;3.977998
3.156755;4.061309
3.140249;4.104203
3.138734;4.155237
3.098481;4.188982
3.105819;4.241238
3.114922;4.294562
3.059073;4.325611
2.962914;4.341089
2.858293;4.358384
2.759900;4.384010
2.773939;4.441720
2.794796;4.500806
2.795552;4.552052
2.793135;4.604638
2.823537;4.660713
2.819063;4.709116
2.824016;4.761644
2.828450;4.811110
2.829392;4.861841
2.848631;4.910018
2.852145;4.958810
2.857265;5.008012
2.858777;5.057700
3.366532;5.086370
3.343132;5.123975
3.359244;5.156995
3.371464;5.193573
3.222812;5.248663
3.142302;5.301465
3.112135;5.349808
2.606507;5.493056
2.549158;5.562215
2.576209;5.612564
2.567558;5.673649
2.570175;5.730470
2.584221;5.787035
2.683086;5.812504
2.695744;5.867092
2.701572;5.924788
2.694578;5.987469
2.728016;6.035905
3.840852;5.573472
3.937448;5.557121
4.014926;5.546988
4.081174;5.540476
4.162229;5.520885
4.192205;5.529284
4.199238;5.550967
4.204889;5.573314
4.209461;5.598017
4.212135;5.623531
4.217305;5.646623
4.218673;5.677644
4.223837;5.703067
4.228802;5.729044
4.228838;5.763950
4.233464;5.791028
4.238374;5.822877
4.244844;5.854348
4.247327;5.890528
4.251243;5.924590
4.259632;5.958319
4.265217;5.995120
4.268394;6.036265
4.272492;6.081594
4.281222;6.119341
4.284299;6.170537
4.290893;6.220450
4.304447;6.262017
4.306930;6.324925
5.000000;5.000000
5.000000;5.000000
5.000000;5.000000
5.000000;5.000000
5.000000;5.000000
4.155169;7.289608
4.137967;7.498734
4.195408;7.520442
4.210938;7.668274
4.369709;7.336738
4.424188;7.347409
4.260875;8.273852
4.330775;8.303139
4.410924;8.288150
4.499094;8.277190
4.711587;7.272017
4.765573;7.247557
4.862436;6.759130
4.904181;6.727345
4.942808;6.759070
4.982960;6.676663
