5.024378;6.661821
5.059412;6.638673
5.098302;6.638554
5.134151;6.642531
5.175911;6.688109
5.212173;6.665036
5.250982;6.671007
5.288424;6.670788
5.329211;6.670112
5.368698;6.676435
5.424415;6.745390
5.000000;5.000000
5.697059;7.431559
5.000000;5.000000
5.815838;7.427313
5.000000;5.000000
5.834513;7.146217
5.882429;7.132106
5.945480;7.142942
5.979955;7.092667
6.117023;7.258907
6.161758;7.222979
6.165140;7.108776
6.226014;7.104990
6.269070;7.071112
6.873785;7.930977
6.978925;7.946359
5.000000;5.000000
10.318292;12.257773
10.424632;12.062038
10.221720;11.484733
10.153721;11.111889
10.115972;10.795803
10.157326;10.586036
10.071634;10.246750
6.118757;6.077482
6.114042;6.025973
6.107127;5.974247
6.096248;5.919005
6.095542;5.876468
6.083141;5.827390
6.078525;5.786346
6.072609;5.743327
6.073925;5.709263
6.062946;5.666270
6.061789;5.631716
6.055610;5.596526
6.050927;5.562510
6.046059;5.530192
6.039571;5.495222
6.031084;5.463569
6.031531;5.435641
6.026830;5.405508
6.024231;5.377256
6.013254;5.349234
6.011225;5.322810
6.012348;5.296946
6.013091;5.272116
6.207753;5.300189
6.193207;5.268304
5.000000;5.000000
5.000000;5.000000
5.000000;5.000000
5.000000;5.000000
5.000000;5.000000
5.000000;5.000000
5.000000;5.000000
7.596570;5.138294
7.595013;5.080137
7.599655;5.022183
7.562735;4.963142
7.563244;4.905098
7.558268;4.848491
7.548394;4.790388
7.562872;4.732933
7.545169;4.675673
7.527538;4.619625
7.535492;4.560802
7.514952;4.504756
7.501137;4.450680
7.478839;4.396482
6.974729;4.467557
6.634882;4.514316
6.369299;4.554333
6.195757;4.578864
6.051395;4.599057
5.943504;4.613103
5.927757;4.595758
5.927428;4.570033
5.915693;4.551228
5.909604;4.527512
5.908689;4.501904
5.904231;4.478674
5.899405;4.455276
5.897017;4.428228
5.895069;4.400568
5.890662;4.374257
5.885618;4.348823
5.887685;4.316644
5.881144;4.289360
5.871143;4.264283
5.872472;4.229866
5.870067;4.196244
5.868303;4.163410
5.860349;4.132195
5.854253;4.099471
5.851038;4.063735
5.846991;4.023037
5.843040;3.985907
5.833559;3.949862
5.828456;3.906362
5.824062;3.862660
5.817298;3.816536
5.000000;5.000000
5.000000;5.000000
6.302570;2.849766
5.000000;5.000000
6.151886;2.888511
6.088757;2.890664
6.023401;2.903168
5.836722;3.177385
5.905644;2.912760
5.839340;2.933987
5.785011;2.940273
5.729587;2.947303
5.684453;2.928129
5.671822;2.805011
5.650548;2.694007
5.627388;2.568641
5.610358;2.408918
5.586123;2.243117
5.000000;5.000000
5.737231;0.639635
5.712638;0.141233
5.000000;5.000000
5.554115;-0.454426
5.294734;1.164808
5.209144;1.156436
5.121590;1.158174
5.035194;1.215664
4.948336;1.205352
4.864484;1.201917
4.941233;4.338355
4.926812;4.346334
4.911388;4.348498
4.898019;4.354759
4.883260;4.367940
4.870045;4.369759
4.854986;4.372540
4.841248;4.376132
4.828640;4.378698
4.813802;4.380633
4.798157;4.382659
4.784556;4.386213
4.771103;4.389233
4.755867;4.391389
4.741230;4.393931
4.726460;4.397157
4.709872;4.398849
4.694071;4.401114
4.680365;4.404341
4.663976;4.407100
4.646746;4.407285
4.632833;4.413735
4.614241;4.414687
4.597690;4.415892
4.580730;4.420521
4.561986;4.422587
4.544537;4.424725
4.526458;4.426807
4.509090;4.434307
4.486663;4.434492
4.465985;4.436624
4.448139;4.442074
4.424151;4.443584
4.405572;4.450136
4.378822;4.452531
4.357586;4.456081
4.333028;4.459869
4.307881;4.464653
4.279950;4.469285
4.254150;4.473429
4.226190;4.479192
4.194669;4.484387
4.159489;4.486418
5.000000;5.000000
5.000000;5.000000
3.105350;3.977927
3.124779;4.043667
3.128380;4.097159
3.128459;4.148842
3.099104;4.187524
3.094399;4.234118
3.114799;4.292042
3.061078;4.322138
2.966131;4.338466
2.873943;4.359295
2.752591;4.376666
2.767742;4.435615
2.795999;4.495522
2.795451;4.546307
2.809607;4.600649
2.820538;4.654036
2.819852;4.703262
2.826046;4.754693
2.828828;4.804009
2.829148;4.854092
2.844662;4.903434
2.856026;4.952510
2.856000;5.001028
2.859600;5.050696
3.369505;5.080884
3.342736;5.118573
3.353674;5.153866
3.371483;5.189456
3.241586;5.242085
3.153576;5.296003
3.117498;5.343030
2.615435;5.484309
2.630505;5.536623
2.577832;5.606721
2.586735;5.661368
2.570966;5.724396
2.587501;5.779319
2.682717;5.806901
2.691565;5.862354
2.702812;5.917132
2.705927;5.975848
2.724948;6.029148
3.826203;5.574847
3.925375;5.559386
4.008208;5.547240
4.076671;5.538725
4.156405;5.521931
4.196321;5.521864
4.198783;5.546764
4.205667;5.568827
4.208948;5.592347
4.212369;5.619792
4.214444;5.643933
4.219112;5.672033
4.220960;5.700253
4.228835;5.725800
4.226408;5.760064
4.234231;5.784799
4.237966;5.816697
4.242341;5.848780
4.246722;5.882798
4.249809;5.918591
4.256954;5.952126
4.264812;5.988907
4.267360;6.032470
4.271858;6.073623
4.279799;6.114260
4.287436;6.156916
4.293360;6.207129
4.300704;6.258231
4.308866;6.309280
5.000000;5.000000
5.000000;5.000000
5.000000;5.000000
5.000000;5.000000
5.000000;5.000000
4.154305;7.267155
4.154242;7.431878
4.185627;7.520188
4.198142;7.682205
4.355619;7.355708
4.418281;7.335648
4.268637;8.191010
4.320191;8.303273
4.399534;8.288122
4.501163;8.286862
4.715821;7.262977
4.770392;7.243029
4.864883;6.764835
4.906932;6.719483
4.945261;6.740139
4.987159;6.674201
