5.033713;6.650656
5.070834;6.644475
5.106879;6.646785
5.143671;6.653520
5.185193;6.692146
5.223773;6.682686
5.260307;6.676157
5.298875;6.669204
5.335059;6.670224
5.377807;6.689267
5.431106;6.743750
5.000000;5.000000
5.707007;7.431028
5.000000;5.000000
5.799379;7.349220
5.000000;5.000000
5.834497;7.127436
5.891070;7.130406
5.961691;7.163379
5.982797;7.084149
6.128191;7.264528
6.182101;7.245621
6.169579;7.102026
6.223885;7.091180
6.236327;7.006432
6.882708;7.928821
5.000000;5.000000
5.000000;5.000000
10.342521;12.232499
10.424279;12.005799
10.241982;11.459030
10.177311;11.095856
10.108427;10.746042
10.186032;10.574087
10.100852;10.239654
6.122780;6.076181
6.112216;6.017612
6.107645;5.966068
6.096110;5.913713
6.092443;5.869531
6.084633;5.822126
6.080308;5.780058
6.077093;5.740793
6.071207;5.702024
6.063012;5.661919
6.060503;5.627514
6.053872;5.592482
6.050286;5.558932
6.046671;5.525090
6.039247;5.492991
6.032884;5.461999
6.026727;5.430946
6.024930;5.402828
6.023112;5.375954
6.016217;5.347533
6.011502;5.318629
6.018025;5.297127
5.000000;5.000000
5.000000;5.000000
6.194298;5.266866
5.000000;5.000000
5.000000;5.000000
5.000000;5.000000
5.000000;5.000000
5.000000;5.000000
5.000000;5.000000
5.000000;5.000000
7.590727;5.130262
7.598703;5.073767
7.598961;5.014203
7.565135;4.956712
7.565968;4.897852
7.554109;4.841856
7.547324;4.783590
7.528354;4.727460
7.539236;4.668757
7.529659;4.613599
7.535289;4.553823
7.523320;4.496823
7.499494;4.443249
7.459626;4.392660
6.934637;4.471596
6.596762;4.519470
6.354322;4.555183
6.173295;4.582090
6.041288;4.600623
5.934616;4.613184
5.923342;4.593779
5.927881;4.568633
5.919230;4.547088
5.909140;4.525537
5.908266;4.500096
5.902778;4.476162
5.900074;4.451563
5.895059;4.426092
5.896981;4.395792
5.890937;4.370741
5.887184;4.345047
5.882617;4.317034
5.877983;4.289823
5.872374;4.261092
5.871216;4.228445
5.868939;4.194657
5.861665;4.165174
5.860440;4.128769
5.850382;4.102001
5.850713;4.059391
5.846287;4.021766
5.842024;3.983764
5.835609;3.944788
5.828403;3.903814
5.828024;3.852568
5.813866;3.818117
5.000000;5.000000
5.000000;5.000000
6.299941;2.847591
5.000000;5.000000
6.138290;2.903882
6.085872;2.890302
6.020314;2.903888
5.832384;3.174850
5.901923;2.907065
5.834409;2.938193
5.779731;2.942278
5.724733;2.948501
5.682701;2.914658
5.667271;2.802578
5.645597;2.692097
5.625926;2.560779
5.606801;2.398326
5.581029;2.230543
5.786953;0.855043
5.725744;0.641510
5.630000;0.622855
5.000000;5.000000
5.548514;-0.504237
5.287504;1.147714
5.200172;1.165471
5.113449;1.159175
5.030206;1.204120
4.944991;1.250153
4.955613;4.330971
4.939571;4.339760
4.925200;4.345007
4.911902;4.349943
4.896370;4.359074
4.884549;4.367450
4.869371;4.370153
4.855403;4.372700
4.841665;4.375768
4.827337;4.379318
4.812364;4.380805
4.798608;4.383038
4.784816;4.386387
4.769201;4.389682
4.755318;4.391879
4.739471;4.394958
4.725051;4.398348
4.711112;4.399362
4.693896;4.402046
4.679802;4.405211
4.663999;4.409387
4.646467;4.409781
4.632435;4.413099
4.615240;4.415227
4.596805;4.417719
4.579684;4.419427
4.563395;4.422147
4.544523;4.426969
4.526367;4.429154
4.509522;4.433270
4.486658;4.434159
4.467330;4.437072
4.448460;4.441756
4.424624;4.444894
4.404730;4.450310
4.380592;4.451660
4.357969;4.455243
4.333975;4.461481
4.308146;4.463903
4.283236;4.468625
4.255114;4.472931
4.228904;4.479191
4.196266;4.484213
4.162704;4.485955
5.000000;5.000000
5.000000;5.000000
3.107238;3.974960
3.133239;4.044144
3.136344;4.097915
3.139838;4.151002
3.100217;4.182393
3.091478;4.229328
3.102623;4.283939
3.063848;4.317268
2.973119;4.338805
2.893102;4.363305
2.745905;4.372716
2.773347;4.433851
2.767834;4.485245
2.789697;4.542029
2.796881;4.596582
2.810435;4.650711
2.818461;4.700516
2.827252;4.752930
2.823616;4.800593
2.828348;4.851110
2.848789;4.900726
2.866060;4.951095
2.858750;4.999384
2.859771;5.047202
3.371645;5.078588
3.338090;5.116664
3.356662;5.150885
3.378379;5.185975
3.243377;5.238578
3.157456;5.291758
3.117745;5.340189
2.615491;5.479539
2.612072;5.536708
2.573103;5.602222
2.579304;5.656922
2.581567;5.716187
2.596501;5.770563
2.680075;5.802338
2.683106;5.859697
2.701463;5.911034
2.703781;5.970787
2.709262;6.029637
3.816954;5.576988
3.918916;5.560510
4.002621;5.547458
4.070729;5.539449
4.119616;5.540383
4.191962;5.522494
4.196071;5.544108
4.206858;5.565333
4.209046;5.589555
4.210926;5.614705
4.216210;5.641356
4.216540;5.669034
4.222212;5.696032
4.225616;5.721998
4.231560;5.751391
4.236250;5.780480
4.237517;5.812168
4.243718;5.843974
4.251698;5.873568
4.248248;5.914403
4.256671;5.948731
4.261576;5.987118
4.268351;6.022739
4.270593;6.067318
4.277432;6.111833
4.287490;6.148426
4.291024;6.200536
4.300015;6.251264
4.302675;6.308826
4.311987;6.362939
5.000000;5.000000
5.000000;5.000000
5.000000;5.000000
5.000000;5.000000
5.000000;5.000000
4.171135;7.354887
4.175244;7.516809
4.237468;7.520688
4.337761;7.385016
4.410367;7.332116
4.458962;7.354384
4.305303;8.308094
4.386465;8.290032
4.522604;8.265791
4.729960;7.258916
5.000000;5.000000
4.876856;6.739898
4.916257;6.731726
4.956171;6.705437
4.995829;6.673245
