5.026001;6.653545
5.063140;6.641536
5.100034;6.643709
5.134994;6.641208
5.177591;6.685420
5.214755;6.673779
5.251608;6.668637
5.288905;6.670705
5.327930;6.672912
5.368214;6.674238
5.422193;6.742070
5.000000;5.000000
5.697334;7.432520
5.000000;5.000000
5.816588;7.434182
5.000000;5.000000
5.832299;7.146004
5.882333;7.131875
5.941004;7.138904
5.978572;7.094418
6.116524;7.264451
6.160132;7.222982
6.166463;7.114042
6.222484;7.105887
6.260872;7.065282
6.872172;7.935270
5.000000;5.000000
5.000000;5.000000
10.314137;12.256479
10.223630;11.804415
10.202634;11.468643
10.155519;11.121162
10.148818;10.843168
10.163009;10.595420
10.085317;10.268987
6.117719;6.079999
6.114613;6.028674
6.106379;5.974718
6.097558;5.924053
6.092943;5.877313
6.088102;5.833660
6.081176;5.787803
6.075286;5.748238
6.073168;5.709502
6.062744;5.669412
6.057851;5.632949
6.056400;5.598176
6.051387;5.565352
6.046307;5.532463
6.036434;5.497146
6.029644;5.464940
6.026907;5.435661
6.026050;5.407476
6.022944;5.380016
6.016699;5.352277
6.010087;5.323087
6.010262;5.299598
5.000000;5.000000
5.000000;5.000000
6.190916;5.271630
5.000000;5.000000
5.000000;5.000000
5.000000;5.000000
5.000000;5.000000
5.000000;5.000000
5.000000;5.000000
5.000000;5.000000
7.593762;5.143881
7.600327;5.086041
7.591853;5.027584
7.572050;4.967941
7.556692;4.910740
7.561256;4.852503
7.553086;4.795669
7.557983;4.739143
7.531738;4.683057
7.540314;4.623927
7.541629;4.565509
7.498509;4.514461
7.492659;4.457551
7.490927;4.398596
6.997481;4.465529
6.654315;4.513027
6.389525;4.551871
6.207523;4.576151
6.060690;4.598887
5.953847;4.611317
5.926003;4.597367
5.931551;4.571805
5.920347;4.549932
5.910064;4.529486
5.911035;4.502547
5.904630;4.479368
5.901115;4.454240
5.897362;4.429700
5.897156;4.400540
5.893593;4.375391
5.889904;4.347903
5.883254;4.321134
5.879954;4.292266
5.873660;4.264164
5.872534;4.231448
5.869920;4.201620
5.862936;4.170813
5.862893;4.132961
5.853134;4.103925
5.850341;4.066481
5.841510;4.035168
5.842610;3.989778
5.833732;3.951915
5.829190;3.909743
5.826142;3.862316
5.817144;3.821598
5.000000;5.000000
5.000000;5.000000
6.312119;2.844742
5.000000;5.000000
5.000000;5.000000
6.093145;2.892090
6.028301;2.903338
5.838920;3.175368
5.903756;2.920389
5.841838;2.936354
5.786227;2.938864
5.733678;2.940798
5.684546;2.931846
5.668980;2.818783
5.645058;2.717655
5.627472;2.574085
5.610855;2.409035
5.586915;2.243286
5.000000;5.000000
5.742159;0.618156
5.712638;0.141233
5.000000;5.000000
5.554090;-0.454177
5.294587;1.181095
5.209524;1.149446
5.121202;1.170417
5.033903;1.238153
4.949261;1.192838
4.955789;4.330709
4.940535;4.338417
4.925387;4.347754
4.911201;4.348524
4.897894;4.357563
4.885184;4.367842
4.870841;4.369340
4.855042;4.372783
4.840889;4.376223
4.828104;4.378846
4.813551;4.380447
4.799295;4.383340
4.783909;4.386441
4.770459;4.388940
4.755412;4.392111
4.740342;4.394584
4.724705;4.398506
4.709111;4.399773
4.693151;4.402147
4.679280;4.404925
4.663312;4.406327
4.645465;4.410674
4.631409;4.414334
4.612665;4.413031
4.595738;4.417850
4.579581;4.421973
4.561639;4.423164
4.543434;4.427516
4.524942;4.430665
4.508166;4.434448
4.485497;4.436907
4.465544;4.440150
4.446233;4.444318
4.422500;4.445298
4.404020;4.452927
4.379402;4.454521
4.354929;4.456903
4.330997;4.461191
4.306129;4.464467
4.278134;4.468800
4.250186;4.474284
4.222628;4.477769
4.189615;4.483011
4.153562;4.484133
5.000000;5.000000
5.000000;5.000000
3.117780;3.988590
3.131825;4.051319
3.120601;4.097179
3.136867;4.156328
3.096405;4.189391
3.105747;4.244789
3.115052;4.295640
3.052823;4.325322
2.956986;4.341551
2.843888;4.358572
2.762628;4.387297
2.767690;4.441973
2.776075;4.498585
2.793120;4.553981
2.804533;4.609069
2.820066;4.661884
2.824127;4.712763
2.826499;4.764235
2.827006;4.813293
2.841014;4.864243
2.838245;4.913113
2.849338;4.961851
2.859276;5.010468
2.860310;5.058890
3.365883;5.088290
3.340485;5.125453
3.360904;5.158581
3.373214;5.195580
3.217454;5.251853
3.144682;5.303635
3.110785;5.352119
2.598072;5.496714
2.553976;5.563085
2.568676;5.617445
2.555374;5.679296
2.590722;5.729333
2.605701;5.784355
2.674275;5.819854
2.687789;5.873631
2.702173;5.927619
2.705147;5.987372
2.728229;6.038177
3.846266;5.573136
3.940188;5.557499
4.016273;5.547351
4.085166;5.540847
4.159133;5.523481
4.192415;5.529147
4.201513;5.550304
4.207778;5.572618
4.211227;5.597037
4.212255;5.623682
4.217043;5.647091
4.219234;5.676764
4.223787;5.701894
4.227814;5.732364
4.227773;5.765006
4.236514;5.790152
4.238812;5.824304
4.246012;5.851709
4.249197;5.888834
4.251980;5.924222
4.259754;5.958730
4.266691;5.993722
4.267828;6.037701
4.273083;6.081388
4.282725;6.120305
4.284429;6.170323
4.290416;6.220463
4.303964;6.262036
4.307195;6.325346
5.000000;5.000000
5.000000;5.000000
5.000000;5.000000
5.000000;5.000000
5.000000;5.000000
4.154045;7.292656
4.135916;7.507018
4.192395;7.522365
4.212427;7.663240
4.370518;7.328411
4.421266;7.350553
4.270683;8.218912
4.328524;8.299620
4.406581;8.296006
4.512987;8.240356
4.718918;7.257569
5.000000;5.000000
4.867759;6.758284
4.908553;6.726330
4.947838;6.737717
4.987149;6.675451
