5.014861;6.666684
5.051114;6.644956
5.090067;6.652297
5.126138;6.643416
5.164707;6.664119
5.201428;6.659319
5.240279;6.670558
5.278450;6.673239
5.319733;6.677043
5.357444;6.666344
5.411630;6.733293
5.000000;5.000000
5.683803;7.438176
5.750352;7.461681
5.801871;7.439069
5.764159;7.148661
5.819172;7.149979
5.870150;7.137147
5.916587;7.113014
5.970076;7.108828
6.028657;7.110680
6.144840;7.225837
6.159339;7.133904
6.209309;7.110599
6.226465;7.031188
6.838777;7.917962
6.927375;7.910423
5.000000;5.000000
10.318405;12.355095
10.434497;12.171175
10.190219;11.532338
10.148765;11.191038
10.117770;10.878007
10.125176;10.624344
10.088767;10.336697
6.118818;6.093575
6.108629;6.036218
6.109247;5.988445
6.101359;5.938133
6.097541;5.892308
6.090239;5.845629
6.086011;5.803184
6.077344;5.759679
6.074334;5.720830
6.068047;5.682518
6.062473;5.643208
6.059204;5.610404
6.052506;5.574831
6.048365;5.542144
6.042099;5.507257
6.033950;5.475985
6.032105;5.445124
6.023709;5.415321
6.021146;5.386942
6.019296;5.360746
6.015495;5.333963
6.010134;5.305258
6.012846;5.281547
5.000000;5.000000
5.000000;5.000000
5.000000;5.000000
5.000000;5.000000
5.000000;5.000000
5.000000;5.000000
5.000000;5.000000
5.000000;5.000000
5.000000;5.000000
7.440927;5.149492
7.599770;5.101496
7.587664;5.041683
7.590209;4.985348
7.558934;4.926134
7.561452;4.869979
7.553118;4.812409
7.545980;4.754910
7.534819;4.697964
7.552049;4.638677
7.531627;4.582941
7.524983;4.525125
7.508314;4.469739
7.494458;4.413413
7.109945;4.450800
6.730019;4.502975
6.461473;4.538857
6.254720;4.569559
6.098796;4.592285
5.970057;4.612066
5.928762;4.603136
5.937982;4.573849
5.925612;4.554483
5.913023;4.535805
5.909348;4.512036
5.906741;4.485074
5.904415;4.461679
5.900854;4.436173
5.896791;4.409943
5.891559;4.385174
5.887821;4.356078
5.887450;4.327870
5.884157;4.298329
5.873982;4.272729
5.870646;4.243719
5.874127;4.206974
5.866201;4.178941
5.860416;4.145339
5.858522;4.110128
5.849118;4.079944
5.847211;4.039837
5.842436;4.002687
5.841117;3.959118
5.833139;3.920959
5.826602;3.877829
5.822030;3.832331
5.000000;5.000000
5.000000;5.000000
6.325787;2.852535
5.000000;5.000000
5.000000;5.000000
6.122305;2.872923
6.047549;2.900868
5.851539;3.179291
5.910301;2.943734
5.872501;2.903834
5.800373;2.942169
5.745156;2.949711
5.694650;2.946300
5.670069;2.862832
5.656262;2.736986
5.640116;2.592909
5.612864;2.472234
5.591009;2.306579
5.565592;2.120522
5.764987;0.655587
5.858188;-0.554090
5.000000;5.000000
5.601557;-0.530883
5.319248;1.185837
5.234798;1.166183
5.147691;1.188861
5.059284;1.206713
4.973625;1.231592
4.888518;1.250157
4.945758;4.338219
4.931367;4.346846
4.915883;4.345887
4.900528;4.353356
4.889403;4.366583
4.873745;4.368752
4.860520;4.371542
4.845678;4.375021
4.830553;4.378433
4.817472;4.380584
4.802043;4.383765
4.789270;4.384579
4.772833;4.388321
4.758737;4.390783
4.744643;4.392756
4.730484;4.395895
4.713610;4.399551
4.700227;4.403600
4.682886;4.403562
4.667091;4.404772
4.651599;4.407317
4.635911;4.411524
4.619933;4.416040
4.602842;4.419330
4.585969;4.419835
4.567532;4.423726
4.547816;4.424685
4.530073;4.427392
4.511699;4.431724
4.495861;4.436971
4.471889;4.437584
4.453804;4.441411
4.433063;4.445535
4.409340;4.447919
4.382737;4.451126
4.362757;4.455405
4.340272;4.463637
4.311276;4.462727
4.286965;4.469055
4.259076;4.472102
4.229284;4.477293
4.200558;4.482629
4.168832;4.488399
5.000000;5.000000
5.000000;5.000000
3.105111;3.968398
3.136202;4.040016
3.124439;4.086375
3.141487;4.146798
3.097428;4.176866
3.093904;4.227330
3.104701;4.280568
3.077913;4.320984
2.986300;4.337118
2.892065;4.357253
2.765225;4.372318
2.766688;4.427596
2.772722;4.481872
2.795208;4.540084
2.793971;4.591676
2.821779;4.646307
2.824721;4.699038
2.829893;4.749647
2.823446;4.797000
2.825322;4.847760
2.849155;4.898263
2.862175;4.946289
2.860007;4.994666
2.859696;5.043714
3.372812;5.076811
3.337707;5.114769
3.356121;5.150458
3.373660;5.186516
3.244864;5.238376
3.163956;5.289646
3.118910;5.339606
2.612581;5.481553
2.616706;5.535666
2.566968;5.604487
2.582789;5.660208
2.585814;5.716441
2.600959;5.772179
2.684224;5.804384
2.684496;5.862719
2.693164;5.917908
2.701267;5.975749
2.721850;6.028971
3.822894;5.576048
3.920987;5.562327
4.003830;5.549655
4.071566;5.540392
4.122922;5.538122
4.190525;5.524415
4.198725;5.545791
4.204537;5.567677
4.207753;5.591583
4.208619;5.617844
4.215428;5.642373
4.217308;5.669547
4.220722;5.697366
4.226108;5.723623
4.226237;5.757031
4.232906;5.785253
4.238286;5.814943
4.245094;5.845206
4.248319;5.879559
4.247574;5.919347
4.254165;5.953436
4.262289;5.989523
4.268931;6.028374
4.271652;6.073483
4.278750;6.114475
4.288124;6.153815
4.294024;6.205200
4.299253;6.258282
4.304644;6.312703
5.000000;5.000000
5.000000;5.000000
5.000000;5.000000
5.000000;5.000000
5.000000;5.000000
4.151915;7.266262
4.164857;7.393219
4.183067;7.520674
4.226357;7.577916
4.352546;7.361605
4.412681;7.346618
5.000000;5.000000
4.315875;8.297021
4.395344;8.291421
4.489481;8.262549
4.702747;7.271886
4.757927;7.249764
4.856093;6.766147
4.898061;6.718479
4.935872;6.764085
4.976415;6.684835
