5.011344;6.666461
5.049695;6.645000
5.085114;6.642546
5.124515;6.651312
5.161395;6.663188
5.199042;6.659607
5.238506;6.677631
5.277812;6.674359
5.314725;6.665525
5.352918;6.667053
5.405081;6.733038
5.000000;5.000000
5.677389;7.440485
5.740310;7.450621
5.798672;7.442749
5.755205;7.136451
5.817348;7.161367
5.861684;7.129790
5.909611;7.114121
5.955129;7.088454
6.011680;7.087521
6.140655;7.227142
6.154603;7.132491
6.195722;7.096193
6.216256;7.023038
6.819853;7.902100
6.936242;7.936027
5.000000;5.000000
10.305311;12.357766
10.423123;12.177587
10.194170;11.556648
10.188251;11.253138
10.116468;10.886761
10.150358;10.663964
10.179455;10.446422
6.125912;6.102411
6.112031;6.040998
6.113155;5.993078
6.101550;5.938295
6.097415;5.893255
6.094829;5.848685
6.086353;5.804403
6.078147;5.760709
6.073919;5.721448
6.068781;5.681833
6.062102;5.643818
6.059029;5.610709
6.052728;5.573904
6.048810;5.542374
6.042245;5.506958
6.033951;5.475384
6.033151;5.445223
6.027894;5.415643
6.025344;5.387858
6.019986;5.358791
6.015467;5.332444
6.010348;5.306274
6.013170;5.280382
5.000000;5.000000
5.000000;5.000000
5.000000;5.000000
5.000000;5.000000
5.000000;5.000000
5.000000;5.000000
5.000000;5.000000
5.000000;5.000000
5.000000;5.000000
7.442759;5.148193
7.602047;5.100835
7.588902;5.042447
7.584200;4.983896
7.560184;4.926098
7.556858;4.868246
7.550231;4.810655
7.545614;4.753714
7.535141;4.696446
7.550563;4.638887
7.526947;4.582219
7.524355;4.524491
7.506602;4.470101
7.494945;4.413298
7.114225;4.448387
6.730214;4.501842
6.457897;4.539985
6.255317;4.569757
6.098796;4.592285
5.970567;4.611322
5.927727;4.603894
5.938309;4.574569
5.922458;4.556001
5.912266;4.534869
5.908908;4.512272
5.907073;4.487183
5.902697;4.462702
5.896181;4.437662
5.893337;4.411970
5.892560;4.384863
5.887953;4.357540
5.882957;4.329806
5.884376;4.299812
5.874258;4.274625
5.870777;4.242726
5.872603;4.207898
5.865113;4.179973
5.859406;4.147160
5.855649;4.113957
5.848988;4.082206
5.846770;4.041449
5.841152;4.003239
5.836734;3.963933
5.831710;3.922383
5.825861;3.878835
5.822590;3.832726
5.000000;5.000000
5.000000;5.000000
6.328244;2.849939
5.000000;5.000000
5.000000;5.000000
6.122246;2.874023
6.048935;2.902119
5.853657;3.174762
5.905424;2.956339
5.872763;2.901506
5.802950;2.940222
5.746300;2.951458
5.695751;2.946936
5.670683;2.863025
5.656774;2.737655
5.641033;2.597810
5.612942;2.475083
5.590044;2.310975
5.561547;2.145460
5.769711;0.636112
5.859785;-0.553843
5.000000;5.000000
5.600800;-0.523924
5.314849;1.264244
5.238253;1.140096
5.148572;1.194399
5.065016;1.169052
4.978570;1.211561
4.894850;1.244972
4.945230;4.338012
4.930729;4.349176
4.914926;4.336936
4.902376;4.352569
4.888572;4.364698
4.874073;4.369452
4.861363;4.371356
4.846517;4.374815
4.831680;4.377868
4.818481;4.380287
4.803471;4.382521
4.789050;4.386240
4.774621;4.387926
4.760465;4.390370
4.745284;4.392488
4.731571;4.395685
4.716434;4.398213
4.701208;4.402270
4.684743;4.405406
4.670252;4.408162
4.653027;4.407928
4.637492;4.410549
4.620959;4.414182
4.604903;4.417321
4.587372;4.419450
4.569189;4.424671
4.551363;4.426033
4.534360;4.429053
4.513167;4.431782
4.495198;4.436557
4.474749;4.436963
4.454999;4.441991
4.434005;4.445287
4.410859;4.448492
4.384958;4.450138
4.364143;4.455322
4.342865;4.460071
4.314211;4.461411
4.289834;4.469390
4.261817;4.471275
4.231421;4.476372
4.204547;4.483369
4.172173;4.485847
5.000000;5.000000
5.000000;5.000000
3.103801;3.960367
3.113826;4.020698
3.114006;4.073001
3.142009;4.139694
3.100342;4.171414
3.096881;4.220026
3.102903;4.274053
3.099443;4.321614
2.991235;4.332547
2.896904;4.352553
2.768182;4.366448
2.769014;4.421577
2.772711;4.475338
2.791938;4.532550
2.794750;4.586133
2.820166;4.640680
2.821665;4.692014
2.828735;4.742338
2.826447;4.791814
2.826532;4.841352
2.849935;4.892514
2.862048;4.941568
2.861518;4.991184
2.858617;5.039628
3.371855;5.072320
3.340202;5.110920
3.353938;5.145726
3.371767;5.180884
3.255855;5.231946
3.166975;5.283049
3.129296;5.332363
2.620427;5.469770
2.627170;5.524002
2.566896;5.595844
2.567408;5.653144
2.576365;5.709143
2.595870;5.763654
2.680226;5.794325
2.685897;5.852105
2.695303;5.906324
2.704504;5.964779
2.703963;6.025146
3.799489;5.582233
3.911659;5.558987
3.993412;5.549377
4.069511;5.538845
4.120340;5.537735
4.191622;5.521506
4.196792;5.542049
4.204103;5.565342
4.207592;5.589694
4.208563;5.614110
4.214972;5.640235
4.216213;5.667108
4.221266;5.694597
4.225799;5.721828
4.229046;5.750963
4.231703;5.780922
4.239696;5.809069
4.242193;5.841933
4.247521;5.876572
4.250629;5.911506
4.256589;5.947713
4.260285;5.984901
4.266152;6.022702
4.269324;6.069176
4.275531;6.111490
4.287138;6.147030
4.290965;6.201952
4.297732;6.250557
4.301004;6.311052
4.322401;6.343272
5.000000;5.000000
5.000000;5.000000
5.000000;5.000000
5.000000;5.000000
5.000000;5.000000
4.171587;7.355046
4.175448;7.521085
4.235294;7.525254
4.333614;7.399951
4.415400;7.316885
4.451437;7.381898
4.306707;8.304557
4.387336;8.285362
4.478139;8.265311
4.693583;7.292361
4.751274;7.246775
4.850739;6.766957
4.894629;6.720526
4.932384;6.731931
4.973342;6.685039
