5.032279;6.650184
5.069247;6.648046
5.105200;6.640380
5.144079;6.663773
5.186057;6.691045
5.222270;6.675067
5.261418;6.678009
5.297989;6.671648
5.336057;6.671043
5.381784;6.700161
5.430424;6.743145
5.000000;5.000000
5.705470;7.423144
5.000000;5.000000
5.805006;7.361301
5.000000;5.000000
5.837028;7.132082
5.887694;7.122334
5.962325;7.161455
5.987799;7.090081
6.128587;7.260978
6.196753;7.268702
6.172530;7.103531
6.225689;7.090124
6.238149;7.002075
6.886773;7.926502
5.000000;5.000000
5.000000;5.000000
10.337173;12.233961
10.443954;12.039572
10.253245;11.484336
10.170110;11.098032
10.105458;10.752692
10.182825;10.577069
10.103975;10.250915
6.118629;6.072203
6.111435;6.018464
6.106442;5.967825
6.095075;5.915344
6.093084;5.869528
6.084486;5.824801
6.078473;5.780464
6.076921;5.742805
6.070263;5.703461
6.060681;5.663293
6.060752;5.628074
6.053986;5.592279
6.051239;5.560863
6.046475;5.528261
6.038643;5.493681
6.033214;5.463098
6.029603;5.433780
6.024232;5.402554
6.022463;5.376271
6.016217;5.347533
6.012180;5.319803
6.015471;5.296065
5.000000;5.000000
5.000000;5.000000
6.193656;5.267443
5.000000;5.000000
5.000000;5.000000
5.000000;5.000000
5.000000;5.000000
5.000000;5.000000
5.000000;5.000000
5.000000;5.000000
7.597358;5.137587
7.598534;5.079498
7.597661;5.021419
7.566974;4.962343
7.560496;4.905200
7.567677;4.846699
7.547019;4.791976
7.562872;4.732933
7.539062;4.677194
7.536127;4.619576
7.535985;4.560716
7.512189;4.507552
7.499514;4.450283
7.481685;4.396545
6.976330;4.467735
6.633445;4.514743
6.368933;4.554017
6.195871;4.578437
6.051395;4.599057
5.943088;4.612746
5.924581;4.595981
5.929037;4.569936
5.915253;4.550899
5.909382;4.527627
5.909719;4.503266
5.903297;4.479558
5.900809;4.452772
5.896431;4.428239
5.895241;4.400825
5.890253;4.374545
5.885632;4.348420
5.885236;4.319611
5.878604;4.290990
5.873810;4.263179
5.874040;4.229376
5.869353;4.199526
5.863322;4.168689
5.858588;4.133971
5.852189;4.101992
5.848482;4.065466
5.846497;4.026250
5.841921;3.987252
5.833696;3.950928
5.829772;3.907674
5.824502;3.862053
5.815307;3.820630
5.000000;5.000000
5.000000;5.000000
6.302112;2.855628
5.000000;5.000000
5.000000;5.000000
6.091441;2.890926
6.026473;2.902999
5.839862;3.174701
5.901258;2.930480
5.843799;2.936075
5.788433;2.937833
5.734517;2.938443
5.688535;2.925794
5.671427;2.819012
5.647274;2.719842
5.631583;2.569728
5.614296;2.407793
5.586626;2.254983
5.000000;5.000000
5.748373;0.624793
5.662511;0.527806
5.000000;5.000000
5.569233;-0.498363
5.300123;1.176260
5.214317;1.176251
5.129417;1.144672
5.040410;1.202965
4.956165;1.252506
5.000000;5.000000
4.940986;4.339883
4.926764;4.347598
4.912796;4.348561
4.899436;4.353272
4.884380;4.368243
4.871887;4.370147
4.856245;4.372506
4.843462;4.375572
4.828237;4.379328
4.813615;4.381733
4.799969;4.382596
4.786735;4.385453
4.770547;4.389174
4.756310;4.391481
4.740806;4.394384
4.726552;4.397665
4.712913;4.400162
4.696881;4.400528
4.680092;4.405339
4.666918;4.408597
4.647684;4.408472
4.632532;4.413629
4.615240;4.415227
4.598581;4.418618
4.581610;4.421737
4.564322;4.421761
4.546359;4.424877
4.527448;4.429233
4.508924;4.433458
4.489085;4.434660
4.469460;4.437812
4.448987;4.442290
4.427135;4.443379
4.407990;4.449734
4.382809;4.453305
4.358004;4.455589
4.335785;4.460835
4.308035;4.464454
4.282826;4.469598
4.255721;4.472075
4.228062;4.477759
4.198307;4.483350
4.164524;4.487292
5.000000;5.000000
5.000000;5.000000
3.104675;3.972867
3.140920;4.045601
3.139529;4.098796
3.139434;4.148877
3.098150;4.181504
3.106545;4.235413
3.101893;4.283040
3.074653;4.320456
2.973627;4.337250
2.888683;4.360644
2.744761;4.371233
2.767296;4.430261
2.770906;4.485278
2.782842;4.540609
2.795767;4.595723
2.805408;4.647319
2.819699;4.700686
2.825776;4.750439
2.826661;4.800242
2.827600;4.851058
2.848040;4.900692
2.861826;4.950382
2.858001;4.997536
2.858731;5.045376
3.371623;5.078119
3.338804;5.116134
3.356955;5.151335
3.374016;5.187423
3.241332;5.240230
3.156553;5.292444
3.118089;5.340686
2.610728;5.481212
2.602803;5.538792
2.575438;5.604358
2.569207;5.662666
2.580781;5.717935
2.588376;5.774698
2.680224;5.803532
2.691803;5.857981
2.705041;5.913947
2.700757;5.975185
2.709893;6.032258
3.820991;5.576139
3.920778;5.561384
4.003970;5.547836
4.071134;5.540644
4.121819;5.537756
4.194912;5.522450
4.197066;5.546020
4.203723;5.568258
4.208184;5.590907
4.211929;5.615990
4.216579;5.641806
4.218011;5.669984
4.222026;5.696199
4.225717;5.723571
4.228956;5.754806
4.234078;5.783601
4.237238;5.812934
4.241234;5.845440
4.248514;5.876435
4.251428;5.914102
4.256700;5.949070
4.261860;5.987330
4.268999;6.024738
4.270695;6.069809
4.277023;6.112462
4.287523;6.152563
4.293673;6.202096
4.298179;6.255393
4.311020;6.298257
5.000000;5.000000
5.000000;5.000000
5.000000;5.000000
5.000000;5.000000
5.000000;5.000000
4.139904;7.290327
4.171981;7.362604
4.177537;7.521242
4.231327;7.550694
4.345807;7.365714
4.413683;7.326507
5.000000;5.000000
4.309610;8.304910
4.388545;8.287622
4.523218;8.261586
4.732423;7.238313
4.781580;7.241885
4.876355;6.739862
4.915917;6.728456
4.956496;6.711947
4.995360;6.668744
