5.035449;6.650369
5.072697;6.636636
5.108651;6.637650
5.147261;6.657973
5.186942;6.678371
5.224684;6.676007
5.263000;6.675484
5.300529;6.667383
5.339473;6.666526
5.383434;6.690819
5.435754;6.743882
5.000000;5.000000
5.713037;7.427443
5.000000;5.000000
5.000000;5.000000
5.000000;5.000000
5.844097;7.131444
5.897796;7.128123
5.965567;7.153161
5.994954;7.092223
6.144992;7.279604
6.202838;7.265481
6.177532;7.101594
6.224993;7.073418
5.000000;5.000000
6.901940;7.934558
5.000000;5.000000
10.262922;12.421270
10.367572;12.221404
10.475982;12.025150
10.263095;11.449584
10.142788;11.018859
10.114127;10.714828
10.172852;10.526890
10.049932;10.156597
6.120559;6.065837
6.113439;6.010330
6.106254;5.958523
6.097666;5.909494
6.090957;5.862554
6.081724;5.815195
6.084491;5.777240
6.076606;5.735754
6.064975;5.693278
6.060011;5.654422
6.059593;5.620683
6.052167;5.584771
6.049263;5.552849
6.043826;5.520160
6.036012;5.486962
6.033311;5.456732
6.027354;5.425544
6.024018;5.397604
6.019826;5.367438
6.015453;5.340435
6.009285;5.313151
6.018672;5.291285
6.033225;5.270315
6.213759;5.293540
6.195204;5.259259
5.000000;5.000000
5.000000;5.000000
5.000000;5.000000
5.000000;5.000000
5.000000;5.000000
5.000000;5.000000
7.395127;5.164212
7.599414;5.121456
7.596248;5.062489
7.584245;5.004955
7.561935;4.946201
7.562156;4.890376
7.555680;4.831180
7.552517;4.774026
7.542414;4.718051
7.544487;4.658888
7.523219;4.604675
7.533559;4.544104
7.513336;4.490290
7.497503;4.434386
7.301199;4.421704
6.830157;4.491449
6.539193;4.530350
6.319491;4.559745
6.146987;4.585752
6.008224;4.607305
5.926824;4.612031
5.918919;4.591195
5.926289;4.562876
5.916517;4.542183
5.912401;4.519374
5.909281;4.493157
5.900813;4.472790
5.898498;4.447074
5.895957;4.421021
5.893449;4.392803
5.893588;4.364106
5.885974;4.339222
5.883603;4.309748
5.876866;4.282903
5.870079;4.254543
5.875563;4.219036
5.869214;4.187247
5.863726;4.156894
5.855449;4.126315
5.848790;4.093292
5.850152;4.051821
5.843917;4.015766
5.842753;3.972701
5.835059;3.936713
5.826945;3.895210
5.823026;3.848362
5.000000;5.000000
5.000000;5.000000
6.352910;2.849408
6.279531;2.860117
5.000000;5.000000
6.140431;2.880599
6.072183;2.893126
5.877061;3.170631
5.829419;3.158958
5.888562;2.911678
5.824240;2.930877
5.765224;2.948575
5.715022;2.944037
5.674631;2.906779
5.659877;2.788082
5.642311;2.659796
5.619946;2.528054
5.603539;2.350368
5.574532;2.191922
5.800274;0.662457
5.711188;0.604159
5.608058;0.605115
5.653175;-0.581914
5.514670;-0.484153
5.263258;1.192340
5.178060;1.189158
5.092778;1.220639
5.007287;1.199757
4.921856;1.227059
4.950058;4.335123
4.935638;4.342643
4.921942;4.337332
4.906785;4.351919
4.893196;4.359342
4.878940;4.367990
4.866474;4.370761
4.851079;4.373455
4.837831;4.376236
4.821871;4.379304
4.808687;4.381932
4.795180;4.383377
4.779947;4.387585
4.766044;4.390885
4.751380;4.393208
4.735665;4.393337
4.719764;4.397206
4.704934;4.400700
4.691490;4.402159
4.674946;4.406996
4.660231;4.409238
4.642970;4.408967
4.626099;4.412665
4.608968;4.413684
4.592768;4.418702
4.576150;4.423553
4.558698;4.424465
4.539668;4.427650
4.521484;4.429974
4.502774;4.434846
4.483667;4.436208
4.461655;4.440067
4.441077;4.443110
4.420757;4.446394
4.397650;4.448036
4.373065;4.453410
4.351472;4.457912
4.325243;4.461975
4.299693;4.465050
4.270295;4.467655
4.244946;4.475239
4.214179;4.479171
4.184087;4.485190
4.145583;4.486210
5.000000;5.000000
5.000000;5.000000
3.117428;4.000926
3.129174;4.062124
3.114854;4.105737
3.138210;4.169808
3.099379;4.201613
3.100180;4.252052
3.110293;4.305607
3.032467;4.326076
2.937610;4.344679
2.831551;4.363266
2.777018;4.401079
2.779005;4.454519
2.793104;4.510644
2.793878;4.562934
2.788630;4.614325
2.817986;4.668842
2.819402;4.720006
2.831396;4.772547
2.825061;4.821525
2.845848;4.871181
2.842713;4.920542
2.854993;4.967710
2.857071;5.017464
2.859264;5.065903
3.342414;5.094022
3.348604;5.129936
3.373309;5.164626
3.350042;5.203824
3.202572;5.259055
3.135661;5.311906
5.000000;5.000000
2.566431;5.511535
2.549062;5.572883
2.547278;5.630644
2.557035;5.688937
2.573562;5.741644
2.652189;5.776861
2.678140;5.827763
2.699610;5.877997
2.704672;5.933784
2.702129;5.996775
2.713840;6.052978
3.866748;5.567710
3.953253;5.556534
4.029515;5.546950
4.091889;5.539932
4.174423;5.518697
4.194617;5.531132
4.202364;5.551976
4.205953;5.576490
4.209028;5.602408
4.212593;5.627725
4.214536;5.654249
4.218103;5.681561
4.224600;5.705767
4.227198;5.735345
4.230702;5.765472
4.236622;5.793382
4.238903;5.826428
4.247306;5.855852
4.245108;5.897159
4.253100;5.927376
4.256744;5.965879
4.266675;6.001157
4.271179;6.043109
4.273106;6.088326
4.282605;6.130012
4.290740;6.173866
4.294566;6.225463
4.302835;6.277955
4.309332;6.334630
5.000000;5.000000
5.000000;5.000000
5.000000;5.000000
5.000000;5.000000
5.000000;5.000000
4.157238;7.315393
4.154294;7.490846
4.209413;7.516485
4.235273;7.631380
4.382549;7.334475
4.436368;7.341364
4.260625;8.329902
4.346080;8.305693
4.424255;8.290003
4.681247;7.257608
4.731942;7.264439
5.000000;5.000000
4.880570;6.734643
4.918288;6.738081
4.959023;6.702507
4.997117;6.670497
