5.017258;6.666661
5.055462;6.642814
5.091954;6.651943
5.129200;6.654212
5.167444;6.664097
5.202681;6.651106
5.244816;6.679248
5.282073;6.675168
5.319559;6.673513
5.358297;6.665649
5.412461;6.733095
5.501925;6.932119
5.564217;6.992661
5.000000;5.000000
5.805695;7.441231
5.761833;7.138874
5.818721;7.146940
5.868169;7.128775
5.918002;7.112945
5.972111;7.108992
6.041135;7.132130
6.140375;7.209858
6.153708;7.116760
6.206820;7.102516
6.247247;7.060692
6.858274;7.942019
6.930167;7.907972
5.000000;5.000000
10.327008;12.341763
10.315455;11.983444
10.203976;11.527780
10.095888;11.100047
10.134504;10.871036
10.165080;10.643088
10.096890;10.321671
6.123420;6.093870
6.117616;6.039410
6.108903;5.982811
6.102157;5.933718
6.093517;5.884171
6.090921;5.841478
6.083990;5.796236
6.079430;5.754969
6.075020;5.718007
6.066856;5.676009
6.062051;5.641006
6.059754;5.606937
6.051078;5.569611
6.046312;5.535753
6.038811;5.502581
6.033221;5.471573
6.031101;5.441763
6.028537;5.413381
6.023401;5.385218
6.019492;5.356422
6.012917;5.329782
6.012147;5.302903
6.017884;5.280216
6.200067;5.305129
6.207316;5.279514
5.000000;5.000000
5.000000;5.000000
5.000000;5.000000
5.000000;5.000000
5.000000;5.000000
5.000000;5.000000
5.000000;5.000000
7.530501;5.146699
7.600337;5.093030
7.586027;5.033968
7.586141;4.976197
7.558204;4.918545
7.555733;4.861178
7.549694;4.803565
7.547085;4.745682
7.536620;4.687879
7.544813;4.630488
7.536048;4.572967
7.510853;4.519053
7.502995;4.461581
7.504448;4.402442
7.065611;4.453237
6.713076;4.499298
6.422201;4.545695
6.229917;4.572789
6.077326;4.596958
5.964375;4.611333
5.925857;4.600804
5.936585;4.571990
5.921969;4.553839
5.911640;4.533094
5.912509;4.505257
5.905138;4.482766
5.901155;4.459634
5.898051;4.433124
5.897668;4.406278
5.890399;4.381302
5.887099;4.352961
5.883668;4.325788
5.881467;4.295353
5.875081;4.268970
5.872682;4.237683
5.870245;4.205308
5.864911;4.174320
5.859205;4.141289
5.854752;4.108237
5.849022;4.072047
5.845950;4.036063
5.837677;3.999013
5.836663;3.955855
5.830003;3.916025
5.825006;3.872316
5.818119;3.828367
5.000000;5.000000
5.000000;5.000000
6.319563;2.846946
6.004815;3.265247
5.000000;5.000000
6.105222;2.885695
6.040378;2.895073
5.850052;3.170599
5.902709;2.939571
5.851439;2.933806
5.795728;2.937153
5.739625;2.945318
5.687203;2.943005
5.667734;2.843513
5.649273;2.731850
5.635183;2.582554
5.614367;2.432738
5.589669;2.270212
5.000000;5.000000
5.756761;0.626236
5.840078;-0.556858
5.000000;5.000000
5.581018;-0.524280
5.304749;1.210484
5.223978;1.136487
5.135059;1.163126
5.050147;1.182329
4.965118;1.210160
4.881601;1.247617
4.944132;4.344627
4.928074;4.349716
4.913208;4.344471
4.899436;4.353272
4.887616;4.366390
4.873276;4.369866
4.858291;4.372041
4.843225;4.376147
4.828997;4.378600
4.816178;4.381227
4.800886;4.383613
4.787737;4.385106
4.772625;4.389198
4.759029;4.390668
4.742509;4.393387
4.727393;4.397832
4.713615;4.397334
4.697116;4.399849
4.681571;4.404262
4.665605;4.407328
4.650674;4.408732
4.632918;4.410735
4.617321;4.415954
4.601088;4.420230
4.583358;4.419244
4.565748;4.421001
4.549625;4.426761
4.530258;4.429182
4.511916;4.432527
4.492772;4.438740
4.470822;4.438932
4.450346;4.442705
4.430920;4.447375
4.409014;4.449734
4.382924;4.451293
4.360851;4.454941
4.338371;4.460826
4.310616;4.463168
4.285562;4.468010
4.259586;4.472679
4.229836;4.476480
4.200707;4.482399
4.170714;4.488680
5.000000;5.000000
5.000000;5.000000
3.106958;3.966578
3.125277;4.031202
3.124253;4.085617
3.133594;4.141223
3.095759;4.175059
3.097267;4.226357
3.103358;4.277769
3.082556;4.319107
2.988899;4.335622
2.893037;4.355783
2.766671;4.369951
2.768350;4.424144
2.768544;4.478870
2.778101;4.532735
2.792673;4.587714
2.802272;4.640111
2.811350;4.693551
2.827398;4.745136
2.827546;4.796122
2.826571;4.844287
2.848544;4.895339
2.862748;4.943433
2.859016;4.991789
2.859617;5.039609
3.371148;5.073290
3.339432;5.110651
3.354271;5.146650
3.372616;5.181737
3.260002;5.230886
3.167385;5.284065
3.130622;5.332682
2.620317;5.470503
2.627084;5.525930
2.568281;5.596246
2.584068;5.648671
2.576570;5.709840
2.593030;5.763794
2.678090;5.795804
2.687366;5.850306
2.696671;5.905022
2.704871;5.963071
2.702689;6.024131
3.799771;5.581670
3.911805;5.560363
3.991524;5.548526
4.068274;5.539203
4.117897;5.538531
4.187679;5.521847
4.199693;5.540092
4.203549;5.564129
4.207668;5.587281
4.210123;5.613265
4.215063;5.639159
4.215890;5.665957
4.221227;5.693426
4.226134;5.718885
4.229832;5.748185
4.232882;5.779276
4.238550;5.807647
4.242862;5.841190
4.247147;5.873612
4.250844;5.910711
4.255973;5.945322
4.260787;5.980899
4.266535;6.020515
4.270834;6.063241
4.275407;6.108424
4.286744;6.144724
4.290942;6.197002
4.297168;6.246797
4.306844;6.298300
4.316308;6.350837
5.000000;5.000000
5.000000;5.000000
5.000000;5.000000
5.000000;5.000000
5.000000;5.000000
4.166696;7.350934
4.166527;7.529471
4.229286;7.530222
4.337903;7.366889
4.405844;7.328387
4.453725;7.345218
4.299256;8.300685
4.381500;8.281725
4.488684;8.273811
4.705058;7.277986
4.762268;7.237657
4.858172;6.757286
4.900797;6.728405
4.938095;6.758661
4.979427;6.676374
