5.015677;6.651676
5.052989;6.634641
5.090206;6.637517
5.127444;6.637799
5.164252;6.649844
5.201873;6.640627
5.242066;6.663733
5.278994;6.661742
5.320805;6.670475
5.356111;6.667140
5.406508;6.718320
5.000000;5.000000
5.569549;7.017394
5.000000;5.000000
5.793966;7.410351
5.764494;7.149602
5.821478;7.152310
5.871513;7.142260
5.919061;7.120389
5.970493;7.109736
6.021483;7.094430
6.135720;7.205507
6.156181;7.125661
6.204587;7.102356
6.225499;7.027391
5.000000;5.000000
5.000000;5.000000
5.000000;5.000000
5.000000;5.000000
5.000000;5.000000
5.000000;5.000000
5.000000;5.000000
5.000000;5.000000
5.000000;5.000000
5.000000;5.000000
6.118238;6.092380
6.112512;6.036455
6.105141;5.984787
6.100522;5.934873
6.095314;5.889102
6.089351;5.843102
6.083036;5.799218
6.078608;5.757014
6.075298;5.718491
6.065362;5.678360
6.058652;5.641311
6.054518;5.605013
6.049160;5.571568
6.045505;5.537873
6.042998;5.507695
6.037178;5.476145
6.030711;5.443937
6.028007;5.416032
6.022477;5.385542
6.017588;5.358825
6.013107;5.330812
6.011086;5.304699
6.016300;5.282192
5.000000;5.000000
6.231792;5.289041
5.000000;5.000000
5.000000;5.000000
5.000000;5.000000
5.000000;5.000000
5.000000;5.000000
5.000000;5.000000
5.000000;5.000000
5.000000;5.000000
7.583165;5.097375
7.579469;5.038087
7.546177;4.980715
7.537048;4.921896
7.536745;4.866600
7.521555;4.809380
7.524286;4.751379
7.541025;4.693023
7.539225;4.635524
7.522932;4.579403
7.492767;4.526976
7.477220;4.471349
7.462025;4.415308
7.093904;4.448754
6.715714;4.502096
6.434746;4.544718
6.241018;4.571997
6.089151;4.592892
5.961526;4.614301
5.929914;4.601378
5.938319;4.572176
5.923084;4.553845
5.911863;4.533531
5.911775;4.507577
5.907027;4.484566
5.901354;4.460454
5.899456;4.434886
5.895751;4.409273
5.894228;4.381560
5.888833;4.355344
5.887552;4.325110
5.878307;4.299809
5.875939;4.270390
5.873893;4.238691
5.867757;4.209258
5.863775;4.178565
5.860033;4.144244
5.856285;4.110402
5.851582;4.073717
5.844543;4.039153
5.840361;4.001266
5.838792;3.958528
5.829789;3.919956
5.825391;3.876318
5.821368;3.828506
5.000000;5.000000
5.000000;5.000000
6.316310;2.862846
5.000000;5.000000
5.000000;5.000000
6.112761;2.881178
6.050266;2.886302
5.840424;3.198105
5.914309;2.925553
5.864673;2.912494
5.809899;2.912345
5.749266;2.930990
5.693234;2.945293
5.672287;2.847809
5.651447;2.744701
5.629002;2.624619
5.609000;2.481845
5.586302;2.314506
5.560015;2.132931
5.760707;0.653059
5.000000;5.000000
5.000000;5.000000
5.585297;-0.439602
5.322666;1.118137
5.230103;1.188940
5.143831;1.184460
5.053910;1.200882
4.968964;1.191626
4.883387;1.212045
4.944260;4.346121
4.928835;4.345105
4.914135;4.347627
4.901208;4.351987
4.888197;4.365779
4.872068;4.370111
4.858598;4.371716
4.844300;4.375363
4.830010;4.378322
4.815204;4.380996
4.802947;4.383738
4.787265;4.385269
4.773361;4.388125
4.758645;4.390551
4.744294;4.392904
4.726986;4.395546
4.714482;4.398860
4.698462;4.403370
4.683570;4.402915
4.667579;4.405645
4.650037;4.408819
4.636043;4.411737
4.617991;4.413426
4.602187;4.417053
4.583372;4.419850
4.565082;4.421502
4.549657;4.425782
4.529481;4.427231
4.511700;4.431394
4.490767;4.433144
4.471646;4.436784
4.451559;4.439760
4.427864;4.442272
4.408657;4.447918
4.384780;4.451463
4.359933;4.454477
4.337622;4.459370
4.312459;4.463650
4.283903;4.467308
4.257653;4.471945
4.228269;4.477900
4.198012;4.481963
4.165556;4.487044
5.000000;5.000000
5.000000;5.000000
3.099261;3.964504
3.140203;4.042076
3.134067;4.091729
3.142414;4.146576
3.109583;4.182770
3.114964;4.234605
3.119067;4.284990
3.090453;4.323766
2.976326;4.333835
2.872934;4.351420
2.758727;4.370493
2.771453;4.428134
2.772573;4.482513
2.776386;4.537270
2.790658;4.591720
2.804403;4.644134
2.801443;4.695817
2.815737;4.748013
2.812836;4.797703
2.824369;4.847064
2.843603;4.899243
2.856146;4.947371
2.858252;4.996920
2.861471;5.044908
3.379841;5.077258
3.352737;5.114684
3.366051;5.149233
3.378681;5.184208
3.245898;5.236694
3.172270;5.287796
3.130376;5.336981
2.624057;5.475210
5.000000;5.000000
2.566274;5.601687
2.574719;5.658166
2.589410;5.711854
2.608989;5.765296
2.685758;5.798882
2.687313;5.857379
2.698644;5.911386
2.718240;5.963900
2.723724;6.021563
3.813974;5.578864
3.919665;5.558152
4.000149;5.549189
4.063057;5.543663
4.128522;5.534341
4.191962;5.522494
4.198670;5.545267
4.202950;5.568464
4.208267;5.591436
4.208797;5.618072
4.213308;5.643730
4.217880;5.669447
4.219790;5.698199
4.224073;5.725108
4.229535;5.755397
4.232403;5.784411
4.238520;5.815162
4.241536;5.847390
4.248085;5.880346
4.253237;5.913321
4.258674;5.950297
4.260543;5.987906
4.268863;6.026177
4.275645;6.065619
4.278664;6.112036
4.287102;6.152009
4.294306;6.201018
4.297086;6.256500
4.313129;6.294282
5.000000;5.000000
5.000000;5.000000
5.000000;5.000000
5.000000;5.000000
5.000000;5.000000
4.157833;7.242582
4.170761;7.368269
4.187461;7.490819
4.232276;7.550196
4.346953;7.364215
4.411850;7.336615
4.253425;8.233173
4.317468;8.298882
4.395438;8.285592
4.488051;8.271688
4.702980;7.275194
5.000000;5.000000
4.857835;6.750988
4.900082;6.717846
4.935899;6.763335
4.978575;6.667613
