5.022462;6.649847
5.058263;6.646219
5.095710;6.648223
5.133580;6.653112
5.170771;6.655716
5.208665;6.647589
5.247265;6.658165
5.288552;6.671527
5.325060;6.672708
5.364726;6.679862
5.416106;6.731452
5.000000;5.000000
5.699215;7.459542
5.000000;5.000000
5.826701;7.482466
5.769055;7.137084
5.825009;7.144264
5.877922;7.138020
5.925660;7.118335
5.973367;7.097944
5.000000;5.000000
6.150541;7.217546
6.165748;7.126704
6.226043;7.122315
6.258003;7.070835
5.000000;5.000000
6.981862;7.977176
5.000000;5.000000
5.000000;5.000000
5.000000;5.000000
5.000000;5.000000
5.000000;5.000000
5.000000;5.000000
5.000000;5.000000
5.000000;5.000000
6.123587;6.090470
6.119607;6.037265
6.114153;5.985178
6.105140;5.934063
6.098486;5.885579
6.092222;5.838147
6.085663;5.795223
6.080238;5.753376
6.072433;5.712420
6.067956;5.674269
6.061868;5.636459
6.056616;5.602855
6.051898;5.568621
6.046191;5.533793
6.040899;5.501130
6.034764;5.470600
6.027781;5.439991
6.030637;5.412848
6.023619;5.382502
6.022088;5.357330
6.013736;5.327257
6.008728;5.301248
5.000000;5.000000
5.000000;5.000000
6.191722;5.274821
5.000000;5.000000
5.000000;5.000000
5.000000;5.000000
5.000000;5.000000
5.000000;5.000000
5.000000;5.000000
5.000000;5.000000
7.597560;5.147589
7.591438;5.089975
7.579062;5.031157
7.566607;4.972931
7.582845;4.914785
7.555544;4.857748
7.547185;4.800318
7.544651;4.743953
7.524470;4.687407
7.569231;4.624679
7.522492;4.572265
7.512308;4.516027
7.501693;4.459100
7.483467;4.403924
7.053195;4.454206
6.686974;4.505346
6.421010;4.546075
6.230984;4.572814
6.077329;4.596251
5.962056;4.612267
5.925972;4.600439
5.937514;4.572217
5.926470;4.551661
5.912529;4.532638
5.911789;4.506552
5.906918;4.483362
5.903572;4.457831
5.899071;4.433805
5.896454;4.408069
5.892489;4.381244
5.889911;4.351302
5.887756;4.324553
5.882615;4.296791
5.878787;4.268731
5.876920;4.235314
5.871039;4.205808
5.864854;4.173899
5.860937;4.140547
5.855955;4.108352
5.849227;4.073251
5.844762;4.038347
5.842394;3.996117
5.840838;3.953115
5.829610;3.917614
5.825536;3.873633
5.822364;3.824930
5.000000;5.000000
5.000000;5.000000
6.326032;2.839183
5.000000;5.000000
5.000000;5.000000
6.122653;2.857854
6.051422;2.879897
5.847716;3.182472
5.909379;2.935129
5.863525;2.915266
5.803118;2.929826
5.749096;2.931461
5.695312;2.939135
5.666846;2.865229
5.656401;2.729999
5.638385;2.594777
5.615261;2.452752
5.585526;2.321758
5.000000;5.000000
5.784094;0.532030
5.831744;-0.410442
5.000000;5.000000
5.572300;-0.304467
5.306098;1.330244
5.228235;1.219884
5.145061;1.209775
5.058208;1.205696
4.973445;1.205843
4.888508;1.213141
4.945630;4.338982
4.929770;4.343747
4.915629;4.344911
4.901021;4.352016
4.889446;4.366829
4.873892;4.369488
4.859676;4.371730
4.845618;4.374778
4.831810;4.378350
4.818233;4.380099
4.803226;4.383386
4.788386;4.384882
4.773098;4.387956
4.759288;4.390297
4.743674;4.393708
4.730065;4.396356
4.715462;4.398395
4.699125;4.399398
4.683229;4.403379
4.669287;4.406696
4.652780;4.410103
4.635441;4.411521
4.619051;4.413333
4.603763;4.419003
4.586717;4.420530
4.567398;4.423202
4.551363;4.426033
4.531708;4.429608
4.513118;4.430179
4.494681;4.434672
4.474433;4.437599
4.455616;4.442088
4.432522;4.442873
4.407962;4.446099
4.388542;4.451757
4.364725;4.453494
4.340283;4.460065
4.316809;4.463770
4.293853;4.470280
4.262781;4.470789
4.232880;4.474237
4.204045;4.481849
4.172829;4.485266
5.000000;5.000000
5.000000;5.000000
3.116031;3.963546
3.122552;4.021798
3.134950;4.081963
3.127594;4.127999
3.118411;4.175643
3.095375;4.215140
3.107051;4.270226
3.089886;4.313450
3.003324;4.334224
2.898201;4.349200
2.773602;4.364757
2.761419;4.415025
2.771481;4.470761
2.778539;4.527042
2.793462;4.582167
2.798314;4.633391
2.819447;4.688075
2.816920;4.737964
2.823804;4.787981
2.828539;4.837939
2.846867;4.888843
2.851669;4.937162
2.858801;4.985219
2.860014;5.033650
3.371200;5.068751
3.327405;5.106783
3.361403;5.139209
3.370095;5.177115
3.283556;5.222069
3.178995;5.275654
3.123883;5.327576
2.683079;5.452787
2.608041;5.521976
2.547785;5.591311
2.561011;5.647597
2.570667;5.702979
2.581448;5.760329
2.674561;5.788551
2.676311;5.846286
2.686244;5.901700
2.683323;5.964025
2.698055;6.018006
5.000000;5.000000
3.893582;5.563722
3.976844;5.553971
4.046697;5.546821
4.106369;5.541227
4.187668;5.518121
4.195599;5.540277
4.204124;5.560176
4.206071;5.584699
4.207952;5.610459
4.215705;5.634396
4.217669;5.661482
4.219752;5.689126
4.227465;5.714069
4.227396;5.746388
4.232199;5.775793
4.234020;5.808870
4.241281;5.834702
4.245517;5.867903
4.249056;5.904369
4.253556;5.941501
4.260918;5.974102
4.265856;6.012625
4.269483;6.057152
4.273556;6.100627
4.284877;6.139428
4.291158;6.187532
4.296579;6.237558
4.299197;6.297315
4.310564;6.349319
5.000000;5.000000
5.000000;5.000000
5.000000;5.000000
5.000000;5.000000
5.000000;5.000000
4.159634;7.338060
4.165287;7.494551
4.222514;7.513499
4.287246;7.498057
4.391191;7.338035
4.444818;7.348777
4.279380;8.340661
4.358730;8.337450
4.439321;8.310354
4.493692;8.312530
4.715395;7.255868
4.765958;7.260667
4.863312;6.760953
4.906274;6.722452
4.944410;6.740613
4.983984;6.670423
