5.003021;6.658497
5.040377;6.632000
5.077972;6.635142
5.115245;6.637199
5.151876;6.643748
5.189198;6.641382
5.229519;6.673080
5.268460;6.674618
5.302689;6.645898
5.344222;6.664530
5.394539;6.711617
5.447435;6.768270
5.597109;7.181248
5.714727;7.401655
5.000000;5.000000
5.000000;5.000000
5.000000;5.000000
5.856476;7.143471
5.901083;7.118314
5.000000;5.000000
5.994958;7.074768
6.143579;7.256796
6.146455;7.139435
6.179431;7.086182
6.214686;7.039418
5.000000;5.000000
5.000000;5.000000
5.000000;5.000000
5.000000;5.000000
5.000000;5.000000
5.000000;5.000000
5.000000;5.000000
5.000000;5.000000
5.000000;5.000000
5.000000;5.000000
6.119622;6.108088
6.121425;6.059109
6.111136;6.002814
6.102824;5.948724
6.098895;5.902898
6.088945;5.854198
6.085075;5.810729
6.080944;5.768440
6.074929;5.729780
6.068982;5.688468
6.061687;5.650267
6.055164;5.612396
6.050899;5.578802
6.045013;5.545883
6.044710;5.513866
6.038011;5.482687
6.033061;5.452956
6.027671;5.420835
6.023615;5.391698
6.021489;5.364280
6.016892;5.336909
6.011497;5.311075
6.010976;5.286360
6.041804;5.270106
6.226634;5.291306
5.000000;5.000000
5.000000;5.000000
5.000000;5.000000
5.000000;5.000000
5.000000;5.000000
5.000000;5.000000
5.000000;5.000000
5.000000;5.000000
7.582908;5.110015
7.566004;5.050439
7.551485;4.991194
7.537400;4.934302
7.532267;4.877058
7.527944;4.821324
7.532283;4.764068
7.528007;4.706393
7.540526;4.646517
7.517801;4.592901
7.494047;4.537871
7.475218;4.482436
7.491043;4.420765
7.208013;4.431598
6.787132;4.490831
6.496872;4.534779
6.287032;4.564395
6.116312;4.590649
5.991636;4.608830
5.926598;4.607628
5.939154;4.577654
5.925183;4.559378
5.917120;4.537809
5.911736;4.514912
5.907868;4.490632
5.905612;4.465660
5.902576;4.438462
5.898179;4.412971
5.895002;4.387094
5.891889;4.358722
5.886719;4.332295
5.881135;4.304985
5.878369;4.276459
5.875606;4.246014
5.871799;4.213342
5.863775;4.184380
5.860061;4.151731
5.857761;4.116698
5.853491;4.082292
5.846958;4.046959
5.844234;4.006177
5.837441;3.967722
5.829389;3.931334
5.827189;3.883546
5.818228;3.844336
5.000000;5.000000
5.000000;5.000000
6.332295;2.856273
5.000000;5.000000
5.000000;5.000000
6.126650;2.881449
6.063778;2.884111
5.854122;3.193213
5.819075;3.161720
5.877316;2.913165
5.821663;2.915872
5.757118;2.942640
5.703921;2.946816
5.675919;2.874904
5.656188;2.769259
5.636333;2.646249
5.615072;2.508034
5.593043;2.353123
5.570033;2.162695
5.770958;0.736647
5.000000;5.000000
5.000000;5.000000
5.610984;-0.414638
5.494179;-0.474491
5.251272;1.185016
5.164260;1.195044
5.077124;1.188030
4.989816;1.206264
4.903855;1.202217
4.948073;4.340040
4.932936;4.347939
4.915830;4.330772
4.903170;4.353208
4.890948;4.364285
4.876386;4.367465
4.863201;4.369930
4.847716;4.374521
4.833475;4.377644
4.818824;4.378364
4.804580;4.381907
4.792345;4.384326
4.776612;4.387729
4.762533;4.388757
4.746994;4.391502
4.731368;4.395227
4.716008;4.397308
4.703219;4.400990
4.685409;4.402792
4.671468;4.408344
4.654195;4.406667
4.638845;4.410599
4.622522;4.413768
4.606163;4.414962
4.586815;4.418312
4.570834;4.420640
4.552004;4.424582
4.536531;4.428255
4.515307;4.428316
4.497370;4.435288
4.475767;4.435673
4.454836;4.439357
4.434535;4.443677
4.413705;4.446923
4.390759;4.450787
4.366941;4.453602
4.341739;4.455541
4.320047;4.462084
4.295814;4.470167
4.265977;4.470627
4.235894;4.473823
4.208487;4.480082
4.175062;4.483578
4.146410;4.491155
3.082734;3.881845
3.093146;3.944994
3.121421;4.014788
3.158216;4.087924
3.143081;4.130876
3.152478;4.186977
3.114450;4.220038
3.120855;4.272649
3.125191;4.321671
3.022380;4.336362
2.911386;4.348891
2.790327;4.363568
2.771563;4.413794
2.777837;4.468894
2.780199;4.520495
2.793898;4.577208
2.791378;4.627883
2.794008;4.678822
2.812540;4.732544
2.814698;4.783497
2.815642;4.832765
2.827862;4.883685
2.843547;4.932786
2.854833;4.981078
2.857207;5.029790
3.372090;5.066055
5.000000;5.000000
3.357457;5.140019
3.375660;5.175093
3.278349;5.222743
3.185307;5.275589
3.148264;5.323318
2.661268;5.455886
2.634760;5.515433
2.572743;5.586032
2.576835;5.642899
2.584796;5.699643
2.591227;5.757255
2.666757;5.790450
2.680540;5.844746
2.699779;5.897188
2.709867;5.952980
2.729560;6.006417
5.000000;5.000000
3.892962;5.564706
3.978482;5.553845
4.049239;5.545726
4.110373;5.539152
4.189605;5.519294
4.200734;5.537162
4.201552;5.561300
4.206020;5.586735
4.209783;5.610377
4.212685;5.638214
4.216651;5.663762
4.219719;5.690221
4.224000;5.717686
4.227790;5.746437
4.230110;5.778649
4.235904;5.808588
4.240869;5.838380
4.244728;5.872183
4.249792;5.905954
4.258732;5.939219
4.261883;5.976715
4.265604;6.018304
4.271859;6.060003
4.276756;6.102434
4.283754;6.144626
4.290565;6.192417
4.301731;6.237316
4.306793;6.290048
4.314966;6.347073
5.000000;5.000000
5.000000;5.000000
5.000000;5.000000
5.000000;5.000000
5.000000;5.000000
4.176394;7.315113
4.174435;7.491800
4.227653;7.520835
4.336825;7.358538
4.402769;7.330181
4.452247;7.354628
4.298203;8.300972
4.382551;8.270984
4.458531;8.290751
4.689372;7.249908
5.000000;5.000000
4.843679;6.758064
4.886043;6.707702
4.924610;6.723352
4.964663;6.675128
