5.024883;6.663564
5.061940;6.647336
5.098361;6.639552
5.136542;6.644591
5.177015;6.679950
5.215172;6.673222
5.251314;6.669945
5.290464;6.673987
5.329453;6.671339
5.369933;6.679747
5.424316;6.746443
5.000000;5.000000
5.696724;7.427754
5.000000;5.000000
5.815538;7.428732
5.000000;5.000000
5.829900;7.141035
5.880039;7.126331
5.944049;7.142480
5.979207;7.095777
6.114490;7.255418
6.164653;7.228518
6.163927;7.109446
6.223089;7.105535
6.266028;7.072386
6.877038;7.941656
6.977918;7.949745
5.000000;5.000000
10.317258;12.256362
10.366610;11.986502
10.233971;11.507606
10.212054;11.184677
10.114305;10.797274
10.164618;10.593934
10.079207;10.260637
6.115692;6.077420
6.114738;6.027801
6.105906;5.972608
6.098989;5.922740
6.093504;5.876214
6.087909;5.831032
6.079939;5.787378
6.076093;5.746200
6.073163;5.709056
6.060186;5.667375
6.060632;5.632681
6.055896;5.598559
6.051330;5.564932
6.047244;5.531171
6.038927;5.497729
6.032248;5.467069
6.029690;5.437424
6.025270;5.408760
6.022887;5.380888
6.015989;5.350504
6.010987;5.322734
6.008431;5.298739
5.000000;5.000000
5.000000;5.000000
6.192524;5.270193
5.000000;5.000000
5.000000;5.000000
5.000000;5.000000
5.000000;5.000000
5.000000;5.000000
5.000000;5.000000
5.000000;5.000000
7.602940;5.140886
7.597449;5.082206
7.592395;5.023364
7.566522;4.965796
7.562369;4.908574
7.557855;4.849992
7.548234;4.794581
7.563447;4.733619
7.547649;4.677343
7.531508;4.622501
7.543508;4.561673
7.501922;4.511059
7.502291;4.452438
7.497279;4.394021
6.984538;4.465525
6.641294;4.513952
6.380946;4.552153
6.201302;4.577300
6.057113;4.598617
5.942922;4.613659
5.927152;4.597502
5.928335;4.569612
5.916529;4.551799
5.910940;4.527372
5.909137;4.503244
5.904314;4.479319
5.901914;4.454111
5.897135;4.428878
5.895449;4.400686
5.892983;4.373648
5.886770;4.349546
5.886894;4.316846
5.881114;4.290916
5.874616;4.263359
5.874631;4.230047
5.870346;4.196914
5.864583;4.166035
5.860598;4.132443
5.854255;4.100851
5.849490;4.064356
5.849074;4.023853
5.841845;3.985564
5.833714;3.949666
5.829446;3.906799
5.823442;3.862828
5.819598;3.816607
5.000000;5.000000
5.000000;5.000000
6.303188;2.850141
5.000000;5.000000
6.147569;2.894984
6.094756;2.880538
6.024443;2.902564
5.839007;3.169631
5.906928;2.906504
5.837769;2.939555
5.782345;2.941933
5.730563;2.937038
5.686514;2.918542
5.670868;2.802106
5.651603;2.682617
5.626098;2.568825
5.607205;2.408947
5.580184;2.249015
5.781021;0.905575
5.737125;0.604378
5.635190;0.619564
5.000000;5.000000
5.551813;-0.521243
5.289586;1.164416
5.202968;1.168372
5.116376;1.196030
5.026943;1.202346
4.941472;1.231955
4.954219;4.331316
4.939134;4.343315
4.924465;4.346350
4.909265;4.348791
4.896529;4.360061
4.882715;4.368042
4.868907;4.369739
4.853422;4.372903
4.839990;4.376195
4.824618;4.378782
4.810524;4.381366
4.797702;4.383071
4.782381;4.386981
4.768850;4.389815
4.753440;4.392098
4.739994;4.394733
4.723201;4.396445
4.708784;4.399098
4.692808;4.402324
4.677507;4.405599
4.661214;4.406082
4.645628;4.409409
4.629837;4.412961
4.612874;4.414691
4.595763;4.417528
4.579953;4.421085
4.560714;4.423554
4.543104;4.425861
4.524458;4.430418
4.505436;4.433178
4.485334;4.434011
4.465725;4.437215
4.445543;4.443946
4.422000;4.445457
4.401368;4.448055
4.375587;4.450531
4.354048;4.459119
4.329185;4.461849
4.303133;4.466724
4.275499;4.470279
4.248414;4.475510
4.219133;4.480297
4.188685;4.483075
4.154498;4.486924
5.000000;5.000000
5.000000;5.000000
3.113308;3.992705
3.109980;4.044097
3.101452;4.094916
3.133402;4.160359
3.099762;4.197484
3.102082;4.248595
3.111996;4.301710
3.049083;4.326957
2.958323;4.343926
2.838781;4.359082
2.766500;4.390199
2.772547;4.445228
2.771644;4.500055
2.794324;4.556865
2.809344;4.610575
2.820119;4.663177
2.819832;4.714747
2.830409;4.765291
2.827451;4.813961
2.839727;4.864786
2.853483;4.913726
2.854309;4.963585
2.856031;5.011511
2.859328;5.059533
3.352403;5.089019
3.351276;5.125591
3.359843;5.160589
3.372734;5.197854
3.210989;5.254341
3.140069;5.306404
3.106031;5.355260
2.621503;5.495199
2.565612;5.564586
2.559334;5.623305
2.554318;5.683885
2.585245;5.734531
2.616493;5.784364
2.685747;5.820053
2.690684;5.876334
2.703652;5.930609
2.703832;5.993160
2.726289;6.043547
3.851730;5.572894
3.945519;5.556890
4.019987;5.548365
4.083348;5.541210
4.156928;5.526088
4.194018;5.529312
4.200474;5.550117
4.205585;5.575131
4.210912;5.596206
4.211743;5.623842
4.214313;5.651633
4.216967;5.678729
4.225672;5.702486
4.228318;5.732168
4.229810;5.763865
4.237276;5.788455
4.237931;5.823831
4.246825;5.853095
4.249300;5.889576
4.254321;5.923864
4.260244;5.958476
4.266691;5.993722
4.268137;6.038531
4.272600;6.080762
4.281731;6.119965
4.284712;6.171375
4.290600;6.222304
4.303721;6.261617
4.305947;6.325257
5.000000;5.000000
5.000000;5.000000
5.000000;5.000000
5.000000;5.000000
5.000000;5.000000
4.149771;7.298807
4.138391;7.495177
4.192661;7.519038
4.212002;7.659986
4.369130;7.330884
4.423402;7.338978
4.260159;8.277022
4.331619;8.298973
4.411246;8.289986
4.506024;8.280265
4.717934;7.270799
4.772657;7.244265
4.866972;6.757473
4.909286;6.721862
4.946785;6.739436
4.987151;6.675201
