5.019372;6.656137
5.057509;6.638241
5.092517;6.639391
5.131446;6.636479
5.169550;6.662627
5.207476;6.657314
5.247755;6.670225
5.284845;6.674952
5.324145;6.673140
5.362233;6.668379
5.415873;6.740763
5.000000;5.000000
5.689654;7.438346
5.805198;7.628955
5.808342;7.438250
5.769195;7.148456
5.825658;7.149639
5.872913;7.128726
5.923824;7.120227
5.970716;7.096968
6.051505;7.147097
6.147885;7.215543
6.154741;7.113348
6.214756;7.109776
6.246956;7.055315
6.863560;7.941634
6.934474;7.909012
5.000000;5.000000
10.331084;12.338495
10.366239;12.045957
10.203674;11.520986
10.215691;11.241025
10.075546;10.801374
10.138336;10.610629
10.145124;10.368939
6.130406;6.100672
6.117680;6.037872
6.104597;5.980508
6.100184;5.932953
6.093517;5.884171
6.089932;5.840714
6.079329;5.793290
6.077742;5.755636
6.073349;5.715106
6.064583;5.675857
6.055844;5.637259
6.057180;5.602371
6.051458;5.568383
6.045422;5.535298
6.037974;5.501439
6.031898;5.469655
6.031016;5.441960
6.027392;5.410862
6.025729;5.385421
6.018587;5.354463
6.012847;5.326755
6.011210;5.301672
6.016009;5.278547
6.196665;5.303288
6.195093;5.273547
5.000000;5.000000
5.000000;5.000000
5.000000;5.000000
5.000000;5.000000
5.000000;5.000000
5.000000;5.000000
5.000000;5.000000
7.533538;5.146144
7.600157;5.091027
7.595295;5.032597
7.578377;4.974785
7.561405;4.916968
7.555207;4.860715
7.549600;4.802342
7.561513;4.744241
7.549364;4.687055
7.571920;4.625797
7.540979;4.572136
7.511465;4.516938
7.501928;4.462564
7.498441;4.403115
7.053044;4.456563
6.707077;4.501051
6.414948;4.548460
6.227914;4.573880
6.075849;4.595864
5.964614;4.610591
5.925397;4.601002
5.938300;4.571532
5.921241;4.552337
5.913278;4.530263
5.911333;4.506234
5.905274;4.481997
5.902344;4.458215
5.897513;4.432741
5.898331;4.405468
5.892479;4.379476
5.886726;4.352450
5.887449;4.322500
5.882459;4.295392
5.874290;4.267636
5.874479;4.234041
5.868905;4.203472
5.864885;4.172123
5.858616;4.141054
5.853643;4.106483
5.848320;4.071743
5.844707;4.034309
5.841335;3.995229
5.835249;3.955364
5.829540;3.915985
5.823817;3.871446
5.821163;3.822566
5.000000;5.000000
5.000000;5.000000
6.308424;2.860059
5.000000;5.000000
5.000000;5.000000
6.103482;2.883094
6.037071;2.895671
5.842627;3.176526
5.902133;2.936044
5.847613;2.934665
5.790573;2.940527
5.743018;2.925286
5.687952;2.930869
5.664649;2.845437
5.649541;2.721006
5.632694;2.575959
5.609011;2.435574
5.586634;2.262654
5.000000;5.000000
5.749890;0.615921
5.830841;-0.546113
5.000000;5.000000
5.569799;-0.503834
5.306454;1.133626
5.216178;1.175855
5.129048;1.155665
5.040425;1.201465
4.953948;1.247533
5.000000;5.000000
4.941947;4.336284
4.925879;4.345936
4.911456;4.348994
4.897182;4.353879
4.884503;4.367204
4.870629;4.370149
4.855760;4.372874
4.842804;4.375995
4.828461;4.378747
4.814633;4.380383
4.798785;4.382980
4.784086;4.386379
4.770108;4.389607
4.755785;4.391692
4.740243;4.394354
4.726308;4.398049
4.709828;4.398315
4.696078;4.400654
4.680996;4.404286
4.663815;4.405755
4.646533;4.407703
4.633224;4.412606
4.615227;4.413740
4.597419;4.417294
4.580564;4.420642
4.563666;4.423195
4.544672;4.425574
4.525360;4.427716
4.508214;4.431758
4.488086;4.437253
4.467618;4.439210
4.447230;4.442974
4.424112;4.442905
4.403103;4.449125
4.378747;4.452994
4.356319;4.455644
4.332050;4.462673
4.306050;4.466208
4.279194;4.469047
4.251097;4.473422
4.223889;4.479479
4.193172;4.484409
4.157011;4.487121
5.000000;5.000000
5.000000;5.000000
3.104640;3.980826
3.155946;4.062900
3.145553;4.110479
3.137051;4.158348
3.102151;4.193127
3.107589;4.244893
3.114211;4.297180
3.059633;4.324763
2.964293;4.340889
2.849432;4.355730
2.759773;4.382588
2.777009;4.441811
2.795667;4.499225
2.793953;4.552388
2.804435;4.605359
2.821262;4.659075
2.819559;4.709181
2.824043;4.759113
2.829998;4.810616
2.830079;4.858960
2.845703;4.908241
2.851653;4.958389
2.857511;5.006984
2.860467;5.055396
3.362472;5.085326
3.343025;5.122545
3.368414;5.158329
3.372128;5.194919
3.218396;5.251371
3.136524;5.303319
3.108895;5.351533
2.603173;5.494222
2.557766;5.561719
2.575350;5.614265
2.569827;5.675280
2.581238;5.729927
2.590529;5.787024
2.683473;5.815114
2.698096;5.870493
2.701907;5.926958
2.707336;5.984868
2.725657;6.038562
3.843198;5.573140
3.935924;5.560133
4.016151;5.548161
4.081174;5.540476
4.160194;5.522820
4.193030;5.529629
4.200253;5.548913
4.204653;5.572558
4.208066;5.599073
4.211580;5.623233
4.216844;5.647635
4.217759;5.676206
4.223230;5.702397
4.226849;5.732436
4.228963;5.762655
4.234441;5.790930
4.237300;5.823246
4.245674;5.853079
4.246559;5.889878
4.251606;5.923598
4.258193;5.958471
4.265069;5.995321
4.267273;6.039757
4.272114;6.081038
4.280952;6.119761
4.285342;6.168830
4.290291;6.220679
4.304446;6.261160
4.306030;6.324172
5.000000;5.000000
5.000000;5.000000
5.000000;5.000000
5.000000;5.000000
5.000000;5.000000
4.146630;7.310706
4.136894;7.504181
4.191868;7.529021
4.213830;7.661308
4.370902;7.334988
4.425379;7.342553
4.262524;8.262178
4.329477;8.304661
4.409139;8.292656
4.495752;8.275919
4.710398;7.276150
4.765262;7.250541
4.860087;6.765214
4.902716;6.729766
4.940043;6.755977
4.981690;6.675150
