5.007208;6.670734
5.044312;6.644403
5.082226;6.647950
5.118763;6.653240
5.157305;6.667597
5.195190;6.657043
5.234560;6.672886
5.273156;6.678164
5.307287;6.655727
5.348179;6.667538
5.400538;6.722545
5.000000;5.000000
5.000000;5.000000
5.730383;7.437160
5.772840;7.383064
5.753848;7.149651
5.810034;7.154506
5.857640;7.136272
5.899722;7.105577
5.000000;5.000000
6.000725;7.075046
6.159499;7.278993
6.157994;7.152535
6.187547;7.095377
6.206708;7.022054
5.000000;5.000000
6.915040;7.922740
5.000000;5.000000
10.277141;12.373693
10.397327;12.196380
10.267859;11.702314
10.144102;11.244874
10.157529;10.982487
10.143539;10.703529
10.129189;10.435153
5.000000;5.000000
6.126935;6.064926
6.114416;6.004031
6.104340;5.950028
6.099201;5.901738
6.090716;5.855586
6.085031;5.810371
6.083760;5.771381
6.074042;5.727524
6.067770;5.689427
6.059581;5.649396
6.057071;5.616079
6.049523;5.579226
6.047894;5.547388
6.042669;5.513484
6.036322;5.483352
6.031489;5.451560
6.028707;5.421605
6.025144;5.393298
6.019823;5.365229
6.014444;5.337934
6.013855;5.312758
6.012000;5.285497
5.000000;5.000000
5.000000;5.000000
5.000000;5.000000
5.000000;5.000000
5.000000;5.000000
5.000000;5.000000
5.000000;5.000000
5.000000;5.000000
5.000000;5.000000
7.394063;5.157683
7.600241;5.114251
7.597162;5.055286
7.581749;4.998020
7.564065;4.940745
7.560320;4.882830
7.552474;4.824508
7.548776;4.768692
7.537591;4.710949
7.546849;4.652107
7.528321;4.596919
7.516587;4.540180
7.508235;4.484059
7.505424;4.425264
7.235993;4.431019
6.812847;4.489887
6.506466;4.534488
6.295670;4.563409
6.133183;4.586557
5.994540;4.608015
5.930922;4.607585
5.929117;4.583987
5.925874;4.560246
5.915414;4.540538
5.906798;4.517874
5.910007;4.491380
5.903679;4.468783
5.898603;4.442963
5.894316;4.417573
5.892934;4.390270
5.887994;4.364874
5.884106;4.337975
5.881090;4.307757
5.875241;4.279740
5.872385;4.248787
5.871711;4.217355
5.863933;4.187828
5.862643;4.154715
5.853520;4.124431
5.845932;4.091991
5.848511;4.048341
5.844464;4.011298
5.839756;3.969926
5.832716;3.932973
5.827196;3.889781
5.820353;3.848605
5.000000;5.000000
5.000000;5.000000
6.345231;2.850198
5.000000;5.000000
5.000000;5.000000
6.137009;2.872806
6.078082;2.871448
5.873163;3.164337
5.827401;3.152570
5.880035;2.916210
5.819166;2.932089
5.762603;2.935069
5.707062;2.944722
5.670557;2.899434
5.657410;2.776917
5.638946;2.646439
5.619324;2.502133
5.599077;2.335774
5.570492;2.181405
5.787055;0.676047
5.710380;0.533134
5.000000;5.000000
5.628512;-0.513039
5.502048;-0.491097
5.253848;1.195960
5.168516;1.189725
5.083118;1.198159
4.997110;1.232751
4.911231;1.206038
4.947907;4.333031
4.935511;4.348433
4.919114;4.337923
4.905518;4.355388
4.891992;4.360811
4.878826;4.369030
4.864620;4.370646
4.849095;4.374187
4.835325;4.377151
4.821514;4.379407
4.806866;4.382761
4.792033;4.384959
4.778773;4.388008
4.765052;4.391267
4.747536;4.391819
4.733267;4.394660
4.718888;4.397890
4.704417;4.400955
4.688345;4.404356
4.672958;4.408090
4.657895;4.408854
4.639807;4.410011
4.622566;4.412848
4.607810;4.417771
4.591464;4.419924
4.572028;4.423178
4.556317;4.426615
4.536559;4.429520
4.518330;4.430997
4.499274;4.434268
4.479331;4.439187
4.460662;4.441718
4.437719;4.444365
4.415790;4.445811
4.390913;4.449124
4.369438;4.453009
4.346985;4.458613
4.322182;4.462610
4.295435;4.467762
4.268106;4.471522
4.240880;4.476720
4.211064;4.480258
4.177265;4.484298
4.154495;4.496634
3.102253;3.889568
3.108284;3.948626
3.115002;4.008193
3.114888;4.063315
3.138165;4.124872
3.133684;4.175073
3.095873;4.209359
3.106157;4.262154
3.107211;4.313318
3.021520;4.329525
2.921038;4.348181
2.808000;4.363648
2.772733;4.408391
2.770678;4.460174
2.790893;4.518369
2.792096;4.570715
2.807237;4.625580
2.812127;4.675889
2.827028;4.729451
2.829840;4.777852
2.825038;4.828030
2.840697;4.877935
2.851252;4.926632
2.854385;4.975931
2.857632;5.023827
2.863197;5.071524
5.000000;5.000000
3.353376;5.136234
3.368384;5.170499
3.313163;5.213143
3.196731;5.267489
3.134900;5.319391
2.686913;5.440997
2.578135;5.517324
2.568977;5.577823
2.562718;5.637398
2.574679;5.692503
2.574559;5.749993
2.672726;5.779980
2.684609;5.833221
2.694552;5.888547
2.707848;5.943524
2.706366;6.004619
2.721897;6.059078
3.874793;5.568682
3.962686;5.555096
4.036048;5.546316
4.098956;5.540065
4.182492;5.517901
4.192913;5.536708
4.203827;5.555832
4.208205;5.579156
4.211194;5.604832
4.212943;5.630166
4.216933;5.655949
4.219739;5.683433
4.229726;5.706929
4.227432;5.739935
4.232966;5.767034
4.237275;5.797127
4.239956;5.832143
4.246479;5.861112
4.246766;5.901485
4.252712;5.933156
4.258834;5.969687
4.266846;6.003141
4.269822;6.048259
4.275646;6.089717
4.283053;6.132664
4.291493;6.176948
4.296316;6.227045
4.304296;6.277897
4.318266;6.322643
5.000000;5.000000
5.000000;5.000000
5.000000;5.000000
5.000000;5.000000
5.000000;5.000000
4.156213;7.321671
4.151554;7.506019
4.209664;7.520756
4.246390;7.603368
4.387591;7.320809
4.438447;7.341607
4.266968;8.326952
4.350194;8.303191
4.429277;8.292908
4.475679;8.262638
4.693814;7.282303
4.750187;7.240869
4.847136;6.769158
4.890652;6.731050
4.928726;6.740041
4.970944;6.683499
