5.015827;6.667425
5.053144;6.639389
5.090474;6.651023
5.126764;6.645374
5.164584;6.662875
5.202042;6.657733
5.241971;6.672082
5.282073;6.675168
5.319195;6.669001
5.356581;6.669341
5.409192;6.727448
5.000000;5.000000
5.681500;7.439859
5.749319;7.465916
5.801638;7.440725
5.768199;7.167918
5.817494;7.151152
5.865074;7.131114
5.911840;7.113161
5.963980;7.100348
6.020166;7.097852
6.139198;7.221147
6.157736;7.135343
6.203516;7.104697
6.224127;7.032598
6.823977;7.901873
6.925257;7.915720
5.000000;5.000000
10.300678;12.337986
10.423981;12.161577
10.196407;11.547855
10.207388;11.265193
10.154153;10.923233
10.119856;10.621752
10.130177;10.383224
6.120879;6.097904
6.112895;6.040806
6.111378;5.992066
6.099076;5.936187
6.097222;5.893097
6.088021;5.844410
6.086183;5.803793
6.077927;5.758852
6.071221;5.719636
6.068033;5.682076
6.062288;5.643513
6.055470;5.606367
6.050313;5.572587
6.048559;5.541225
6.040538;5.507608
6.031406;5.473137
6.029772;5.446110
6.025802;5.415483
6.024185;5.388094
6.017691;5.358532
6.012632;5.330657
6.009807;5.305476
6.014614;5.281724
5.000000;5.000000
5.000000;5.000000
5.000000;5.000000
5.000000;5.000000
5.000000;5.000000
5.000000;5.000000
5.000000;5.000000
5.000000;5.000000
5.000000;5.000000
7.449910;5.150042
7.600269;5.101516
7.584628;5.043864
7.581950;4.983910
7.561475;4.927535
7.555685;4.869780
7.549822;4.811914
7.546478;4.754862
7.532758;4.699687
7.551306;4.638782
7.529654;4.583266
7.534073;4.523415
7.503666;4.470722
7.500542;4.411982
7.138170;4.444110
6.740928;4.499299
6.463283;4.540444
6.256499;4.569352
6.103798;4.592114
5.972825;4.612257
5.927687;4.604437
5.939237;4.574799
5.923487;4.555833
5.912889;4.535543
5.909850;4.512441
5.906996;4.486538
5.903925;4.462323
5.899632;4.436578
5.895549;4.412604
5.895091;4.384130
5.890216;4.358110
5.887256;4.327615
5.884964;4.299346
5.876952;4.272390
5.871169;4.243558
5.872105;4.206977
5.868142;4.176628
5.861003;4.145575
5.857143;4.110535
5.848440;4.080679
5.848258;4.038093
5.844089;3.999175
5.839120;3.959755
5.832611;3.919289
5.826387;3.877671
5.819919;3.831764
5.000000;5.000000
5.000000;5.000000
6.328094;2.846028
5.000000;5.000000
5.000000;5.000000
6.120120;2.872619
6.044688;2.900559
5.851015;3.179046
5.909926;2.941382
5.871967;2.901716
5.801860;2.943017
5.743628;2.952082
5.695050;2.945115
5.670069;2.862832
5.656540;2.736025
5.639779;2.596959
5.614790;2.470644
5.591759;2.303161
5.566219;2.117333
5.769400;0.645196
5.858179;-0.543466
5.000000;5.000000
5.597108;-0.504710
5.317768;1.203525
5.234966;1.175461
5.148416;1.198396
5.059745;1.177217
4.975422;1.230080
4.890406;1.240847
4.945827;4.336709
4.931101;4.346120
4.916099;4.343086
4.902079;4.353119
4.889135;4.366122
4.873408;4.369585
4.860038;4.371649
4.846517;4.374815
4.832645;4.378125
4.817294;4.380636
4.803403;4.383330
4.789270;4.384579
4.774358;4.387756
4.758212;4.390992
4.743848;4.392820
4.729776;4.396485
4.714581;4.399366
4.699433;4.403161
4.682717;4.403934
4.666341;4.404906
4.651010;4.405924
4.634933;4.411836
4.618709;4.412065
4.603147;4.418819
4.586114;4.420039
4.567607;4.421172
4.548900;4.422882
4.531372;4.427298
4.512079;4.432386
4.494698;4.435999
4.472150;4.436997
4.453230;4.442323
4.432508;4.444673
4.410105;4.447468
4.383467;4.448805
4.364556;4.455993
4.339741;4.459938
4.312125;4.462859
4.287366;4.469354
4.259847;4.474468
4.230400;4.476540
4.201608;4.483308
4.168374;4.487236
5.000000;5.000000
5.000000;5.000000
3.102788;3.964302
3.120871;4.029382
3.130982;4.087788
3.124055;4.136834
3.094612;4.174562
3.103289;4.228805
3.103904;4.279850
3.082084;4.318940
2.988899;4.335622
2.892080;4.355490
2.763121;4.369644
2.768470;4.426685
2.769949;4.480551
2.796095;4.538284
2.795189;4.590590
2.822868;4.645841
2.820423;4.695461
2.826185;4.746895
2.826301;4.796005
2.827435;4.846233
2.847206;4.897136
2.860691;4.945636
2.859260;4.993433
2.859934;5.043093
3.370998;5.075488
3.349342;5.112694
3.352726;5.149017
3.371424;5.184558
3.251393;5.234417
3.169745;5.287834
3.127476;5.336391
2.615340;5.476240
2.623888;5.529985
2.568701;5.601088
2.566976;5.658265
2.561597;5.720068
2.597322;5.769030
2.679153;5.799668
2.691520;5.855064
2.704746;5.908460
2.696593;5.973045
2.708282;6.029285
3.820324;5.575345
3.920025;5.559935
4.003655;5.547263
4.070513;5.539575
4.121689;5.539458
4.190133;5.523347
4.196955;5.544521
4.203277;5.568923
4.208807;5.591742
4.212185;5.617129
4.215252;5.641763
4.217311;5.669935
4.220952;5.698372
4.226272;5.724165
4.228483;5.753965
4.234276;5.782047
4.239949;5.814102
4.241882;5.846022
4.251909;5.876379
4.250968;5.916633
4.257673;5.949514
4.259345;5.989508
4.269140;6.023918
4.270977;6.069396
4.277841;6.111204
4.286997;6.153413
4.293327;6.201893
4.297452;6.255845
4.309900;6.297662
5.000000;5.000000
5.000000;5.000000
5.000000;5.000000
5.000000;5.000000
5.000000;5.000000
4.146235;7.272142
4.162423;7.385479
4.175863;7.522273
4.228095;7.559641
4.341753;7.378599
4.410446;7.336519
5.000000;5.000000
4.312123;8.302369
4.393500;8.287269
4.487665;8.274158
4.704918;7.273934
4.760609;7.241000
4.856763;6.764195
4.899035;6.718787
4.935008;6.764554
4.978951;6.675868
