5.028435;6.656756
5.065602;6.647945
5.101961;6.639082
5.140373;6.652298
5.181413;6.687527
5.218159;6.678633
5.256145;6.670476
5.294216;6.671808
5.331278;6.670468
5.375642;6.686420
5.426746;6.744049
5.000000;5.000000
5.700402;7.425654
5.000000;5.000000
5.818497;7.420613
5.000000;5.000000
5.834574;7.137875
5.885171;7.127179
5.954622;7.156942
5.996982;7.120025
6.110030;7.235587
6.191600;7.274235
6.167363;7.107546
6.227124;7.103186
6.245930;7.027235
6.885140;7.940035
5.000000;5.000000
5.000000;5.000000
10.333894;12.242590
10.424739;12.027247
10.251101;11.491862
10.201764;11.141334
10.106349;10.759254
10.197421;10.601385
10.027638;10.178336
6.124940;6.081152
6.115712;6.024157
6.107107;5.969343
6.094307;5.914702
6.094344;5.871558
6.089461;5.828584
6.081870;5.783871
6.075282;5.741219
6.073409;5.706412
6.062079;5.662469
6.060304;5.629320
6.053408;5.593817
6.050917;5.561468
6.046290;5.526407
6.039262;5.494708
6.033119;5.462698
6.031782;5.435047
6.026365;5.405324
6.022355;5.376565
6.016595;5.349514
6.012080;5.320946
6.016838;5.297627
5.000000;5.000000
5.000000;5.000000
6.193579;5.267787
5.000000;5.000000
5.000000;5.000000
5.000000;5.000000
5.000000;5.000000
5.000000;5.000000
5.000000;5.000000
5.000000;5.000000
7.597790;5.134113
7.598660;5.075262
7.600203;5.015706
7.562421;4.958970
7.561837;4.900969
7.555182;4.843019
7.550188;4.784824
7.560132;4.726021
7.536609;4.671820
7.528781;4.614478
7.545395;4.553555
7.496351;4.502201
7.499356;4.443783
7.466646;4.392933
6.939955;4.471143
6.609766;4.517576
6.355851;4.555833
6.175389;4.583502
6.042964;4.599407
5.935753;4.613974
5.925519;4.593139
5.928415;4.567410
5.918036;4.546363
5.910169;4.525888
5.908478;4.501000
5.902797;4.477191
5.901191;4.451475
5.896039;4.427159
5.896615;4.397039
5.891479;4.371510
5.887107;4.343262
5.885780;4.314994
5.879343;4.288722
5.869731;4.262614
5.872561;4.227702
5.869769;4.194818
5.862563;4.164305
5.859257;4.131466
5.851838;4.098561
5.850442;4.059146
5.846051;4.020901
5.840978;3.982249
5.834483;3.945171
5.829020;3.903653
5.827330;3.854225
5.816787;3.814362
5.000000;5.000000
5.000000;5.000000
6.299710;2.846575
5.000000;5.000000
6.137084;2.903227
6.084482;2.889025
5.968557;3.000483
5.835974;3.166046
5.898925;2.907953
5.831141;2.936604
5.777145;2.940766
5.726357;2.936349
5.681656;2.913790
5.663918;2.807570
5.647096;2.679018
5.624383;2.553159
5.606563;2.380048
5.579885;2.220088
5.792309;0.789396
5.725635;0.613615
5.624901;0.616569
5.000000;5.000000
5.534020;-0.464971
5.275019;1.232274
5.194607;1.173445
5.106795;1.199250
5.022754;1.232819
4.938431;1.222752
4.952360;4.331445
4.938393;4.344891
4.923559;4.346203
4.910089;4.349686
4.896201;4.360367
4.882487;4.367829
4.868837;4.370009
4.854505;4.372651
4.840530;4.376315
4.826100;4.378106
4.812140;4.381135
4.796224;4.383558
4.782204;4.387044
4.769553;4.390083
4.754432;4.391697
4.739721;4.394578
4.723630;4.395699
4.707459;4.399742
4.693210;4.401836
4.678140;4.405540
4.659781;4.406614
4.645160;4.409399
4.628297;4.413639
4.611107;4.416164
4.594504;4.418099
4.577883;4.422902
4.560368;4.424132
4.542169;4.426607
4.523257;4.431422
4.504785;4.433747
4.484148;4.435430
4.464239;4.439322
4.445281;4.443150
4.421735;4.445735
4.399494;4.449725
4.375287;4.452388
4.353889;4.458141
4.330452;4.461070
4.305590;4.466807
4.275863;4.468091
4.252179;4.475360
4.220174;4.478288
4.189801;4.482255
4.152475;4.485919
5.000000;5.000000
5.000000;5.000000
3.115093;3.988310
3.133163;4.051998
3.123271;4.099127
3.125464;4.151814
3.100999;4.193282
3.113162;4.247116
3.113274;4.296831
3.059115;4.326251
2.959317;4.341654
2.860431;4.361706
2.758149;4.382835
2.773454;4.441598
2.795523;4.499859
2.794933;4.552587
2.792001;4.602468
2.820224;4.657628
2.808328;4.706400
2.825083;4.758806
2.826160;4.808600
2.831077;4.859025
2.852947;4.908549
2.854927;4.957218
2.855004;5.003907
2.859645;5.052543
3.377652;5.083599
3.342254;5.122283
3.366048;5.154606
3.371546;5.192139
3.232774;5.245888
3.153253;5.297144
3.112505;5.347681
2.607176;5.488854
2.579045;5.550475
2.575806;5.609947
2.581167;5.665638
2.569196;5.727208
2.588663;5.780476
2.683175;5.809731
2.694582;5.863999
2.704509;5.920028
2.696150;5.982877
2.724470;6.031730
3.836399;5.571792
3.927335;5.560982
4.008584;5.547404
4.077550;5.540229
4.156343;5.522305
4.196143;5.522967
4.198370;5.547046
4.205340;5.568370
4.210256;5.594090
4.211698;5.619343
4.216445;5.645187
4.219499;5.672482
4.223407;5.698861
4.228498;5.726535
4.226984;5.759935
4.234381;5.784945
4.238307;5.816331
4.243328;5.848656
4.247209;5.882227
4.250778;5.919382
4.258233;5.953122
4.264690;5.987883
4.267931;6.031036
4.272139;6.073209
4.279391;6.114890
4.287839;6.157751
4.293486;6.206913
4.299746;6.255981
4.308464;6.308219
5.000000;5.000000
5.000000;5.000000
5.000000;5.000000
5.000000;5.000000
5.000000;5.000000
4.153264;7.265965
4.170187;7.375749
4.182708;7.517666
4.225567;7.580550
4.352594;7.358767
4.414904;7.335835
5.000000;5.000000
4.315671;8.297999
4.395076;8.287560
4.514029;8.276153
4.725364;7.251563
4.776719;7.253716
4.871971;6.747065
4.912338;6.733535
4.951901;6.723579
4.991671;6.670729
