5.008152;6.667230
5.045759;6.645364
5.083356;6.642136
5.119905;6.651403
5.159641;6.663357
5.195482;6.659526
5.237541;6.677768
5.274039;6.674474
5.312976;6.671196
5.351103;6.667947
5.404140;6.733514
5.000000;5.000000
5.000000;5.000000
5.734086;7.444401
5.794380;7.443097
5.756493;7.153226
5.810394;7.149830
5.857465;7.129337
5.908477;7.116514
5.952311;7.088642
6.004200;7.076143
6.153950;7.262180
6.151579;7.136682
6.193525;7.098883
6.213668;7.024883
6.827797;7.921609
6.916732;7.920434
5.000000;5.000000
10.296443;12.375236
10.407371;12.188210
10.207889;11.602529
10.140976;11.222822
10.121316;10.920940
10.139366;10.676976
10.130821;10.419161
5.000000;5.000000
6.126976;6.059050
6.111421;5.996517
6.099326;5.942052
6.094884;5.895566
6.088068;5.849640
6.084144;5.806960
6.080774;5.767384
6.075019;5.725633
6.066356;5.685620
6.059998;5.647277
6.057248;5.614283
6.051290;5.577573
6.047297;5.545288
6.040665;5.510762
6.035304;5.479016
6.031207;5.449082
6.026625;5.420752
6.024896;5.391850
6.018872;5.362686
6.014163;5.337193
6.009107;5.310340
6.013684;5.285973
5.000000;5.000000
5.000000;5.000000
5.000000;5.000000
5.000000;5.000000
5.000000;5.000000
5.000000;5.000000
5.000000;5.000000
5.000000;5.000000
5.000000;5.000000
5.000000;5.000000
7.600226;5.108755
7.588538;5.048896
7.588232;4.990323
7.561141;4.933688
7.559236;4.875749
7.552724;4.817358
7.546652;4.761990
7.535400;4.705041
7.551251;4.643778
7.530527;4.588603
7.516662;4.533681
7.508987;4.475374
7.496733;4.420955
7.176136;4.439137
6.795217;4.490016
6.489698;4.535285
6.272586;4.569284
6.116193;4.589600
5.993271;4.607525
5.928790;4.605754
5.939716;4.577076
5.922885;4.558625
5.914664;4.539047
5.910621;4.514946
5.905077;4.490256
5.904996;4.464618
5.897694;4.441499
5.894902;4.415725
5.892942;4.386743
5.890614;4.360804
5.885512;4.333602
5.883883;4.302818
5.877004;4.277161
5.872645;4.245645
5.875318;4.209405
5.867336;4.181961
5.862894;4.149264
5.856923;4.115188
5.851256;4.083286
5.849214;4.042944
5.844558;4.005796
5.838544;3.966363
5.834751;3.923786
5.829273;3.880734
5.818217;3.840348
5.000000;5.000000
5.000000;5.000000
6.333087;2.854999
5.000000;5.000000
5.000000;5.000000
6.127635;2.875178
6.060654;2.887298
5.865468;3.165118
5.837877;3.115634
5.878029;2.906414
5.808308;2.943393
5.758556;2.933846
5.700276;2.948475
5.669702;2.888143
5.662129;2.740258
5.640674;2.620232
5.619171;2.475831
5.595629;2.324755
5.567677;2.158909
5.784595;0.634953
5.876288;-0.551263
5.000000;5.000000
5.615986;-0.525521
5.492515;-0.521076
5.247326;1.166470
5.161909;1.155408
5.069448;1.207886
4.985869;1.220776
4.901010;1.246305
4.946797;4.337633
4.931343;4.349614
4.915981;4.333525
4.903505;4.352905
4.889671;4.367043
4.875319;4.368440
4.861725;4.371276
4.846697;4.374770
4.833410;4.377402
4.817828;4.380479
4.804984;4.382566
4.789485;4.386355
4.775266;4.387689
4.761543;4.389679
4.746449;4.392000
4.730586;4.396123
4.715281;4.398757
4.700802;4.403032
4.686118;4.405244
4.670179;4.407630
4.652774;4.407497
4.637115;4.411075
4.620917;4.415102
4.605071;4.417208
4.586114;4.420039
4.571067;4.423270
4.552134;4.425432
4.533393;4.428874
4.514208;4.429906
4.497099;4.435529
4.473742;4.436534
4.454168;4.442104
4.434503;4.445137
4.411530;4.446680
4.384585;4.449804
4.363868;4.454875
4.342903;4.460418
4.312434;4.462463
4.289587;4.468886
4.260751;4.471477
4.231158;4.475869
4.205870;4.482711
4.170698;4.486803
5.000000;5.000000
5.000000;5.000000
3.103821;3.960850
3.113100;4.021010
3.112533;4.074298
3.143166;4.141958
3.098781;4.173120
3.097358;4.221500
3.102485;4.275145
3.098859;4.323254
2.988953;4.333073
2.895337;4.353396
2.767460;4.366244
2.768605;4.422156
2.772896;4.476733
2.791090;4.534140
2.795115;4.585545
2.805366;4.638241
2.824140;4.692364
2.830076;4.743763
2.825392;4.792344
2.826895;4.843263
2.850653;4.893170
2.862531;4.942196
2.859774;4.989945
2.859094;5.038387
3.372126;5.072777
3.338520;5.111992
3.354976;5.146111
3.371871;5.181820
3.261918;5.230123
3.164586;5.283958
3.128954;5.331869
2.621950;5.472312
2.628061;5.525714
2.563840;5.598078
2.578702;5.650859
2.582496;5.709614
2.597739;5.764582
2.681149;5.796246
2.683562;5.853722
2.693034;5.910794
2.705611;5.964831
2.702432;6.026623
3.799881;5.582469
3.910977;5.560394
3.994869;5.549958
4.062926;5.541939
4.116520;5.538675
4.191982;5.521603
4.197677;5.543358
4.202895;5.564936
4.207474;5.590373
4.208107;5.615560
4.215138;5.641229
4.217303;5.668772
4.220480;5.694091
4.225087;5.721797
4.230018;5.751601
4.231426;5.782403
4.237067;5.813116
4.242677;5.842369
4.246365;5.876897
4.246079;5.916503
4.256434;5.947910
4.259518;5.986513
4.266016;6.024757
4.269234;6.070629
4.276567;6.112463
4.288479;6.147569
4.290134;6.202043
4.298811;6.251163
4.302765;6.311989
4.311817;6.364254
5.000000;5.000000
5.000000;5.000000
5.000000;5.000000
5.000000;5.000000
5.000000;5.000000
4.169877;7.364250
4.177045;7.520292
4.230166;7.547471
4.345875;7.361063
4.411103;7.329207
5.000000;5.000000
4.307753;8.318568
4.391519;8.287411
4.475877;8.261404
4.689559;7.308974
4.749606;7.246086
4.847428;6.775707
4.893958;6.717980
4.929717;6.740331
4.972009;6.677766
