5.017902;6.652403
5.055327;6.638816
5.092446;6.638144
5.127561;6.639295
5.167315;6.667628
5.203110;6.646771
5.242400;6.662673
5.283332;6.670898
5.322294;6.670443
5.358617;6.665580
5.413608;6.731279
5.485533;6.860954
5.681272;7.411359
5.803367;7.631084
5.807489;7.440375
5.767491;7.146941
5.824993;7.152839
5.870741;7.126914
5.922915;7.119805
5.968224;7.093163
6.048646;7.141259
6.145514;7.215645
6.154972;7.115216
6.214989;7.108778
6.247734;7.056597
6.861481;7.941471
6.948582;7.932055
5.000000;5.000000
10.325207;12.330405
10.428493;12.127699
10.191511;11.505744
10.200710;11.225525
10.135631;10.870051
10.152079;10.623469
10.094962;10.316594
6.130490;6.098433
6.119145;6.039233
6.105628;5.980476
6.101709;5.934247
6.096749;5.885741
6.091112;5.842459
6.080363;5.793571
6.077767;5.754729
6.070986;5.712791
6.066433;5.675741
6.059238;5.638893
6.054504;5.603528
6.050195;5.568090
6.045798;5.535111
6.037299;5.501113
6.033491;5.470380
6.031246;5.442059
6.029239;5.412975
6.022526;5.383994
6.018274;5.356873
6.012537;5.329337
6.008649;5.302383
6.017562;5.280442
6.199802;5.306165
6.221199;5.282728
5.000000;5.000000
5.000000;5.000000
5.000000;5.000000
5.000000;5.000000
5.000000;5.000000
5.000000;5.000000
5.000000;5.000000
7.524511;5.146352
7.597588;5.092932
7.587527;5.033988
7.576641;4.976284
7.554432;4.917929
7.554235;4.861259
7.551651;4.802922
7.549894;4.746142
7.543092;4.689310
7.553897;4.630419
7.541102;4.572867
7.515518;4.518159
7.509505;4.460936
7.500486;4.404147
7.051353;4.457011
6.705442;4.503480
6.417070;4.546885
6.228745;4.573987
6.073043;4.595509
5.955527;4.612127
5.924364;4.601762
5.933961;4.572864
5.921777;4.552295
5.912076;4.530660
5.911786;4.504971
5.905925;4.481624
5.903318;4.456923
5.897548;4.431393
5.899693;4.403450
5.893558;4.377963
5.887891;4.352774
5.886929;4.321819
5.881691;4.293232
5.876793;4.264395
5.875321;4.231968
5.870069;4.203632
5.865247;4.171777
5.857451;4.140244
5.856836;4.104002
5.848291;4.070702
5.847919;4.032136
5.843293;3.992303
5.835561;3.954973
5.829827;3.914316
5.823817;3.871446
5.822772;3.818811
5.000000;5.000000
5.000000;5.000000
6.305890;2.861441
5.000000;5.000000
5.000000;5.000000
6.102326;2.885311
6.033082;2.901231
5.840773;3.181453
5.901443;2.934925
5.845794;2.937972
5.790447;2.939675
5.743789;2.926890
5.686851;2.938143
5.664943;2.844482
5.646657;2.726164
5.632126;2.578136
5.609905;2.429619
5.584905;2.266886
5.000000;5.000000
5.751787;0.604832
5.664076;0.508325
5.000000;5.000000
5.567420;-0.496288
5.302853;1.155661
5.213008;1.179934
5.128036;1.163886
5.040372;1.206465
4.957080;1.238245
5.000000;5.000000
4.940681;4.337902
4.927597;4.348259
4.913105;4.348015
4.898762;4.352618
4.885142;4.366579
4.871425;4.369731
4.856189;4.372262
4.842322;4.375343
4.828461;4.378747
4.814551;4.381191
4.799637;4.382177
4.784474;4.385977
4.771661;4.388224
4.756392;4.391179
4.742317;4.393740
4.724256;4.395688
4.710809;4.397843
4.695166;4.399996
4.680128;4.403901
4.664383;4.407156
4.648621;4.409660
4.630976;4.410769
4.613767;4.414701
4.597948;4.416625
4.580311;4.419590
4.561171;4.422892
4.544837;4.425443
4.526476;4.429063
4.508434;4.433222
4.487167;4.435048
4.468361;4.438161
4.446963;4.443239
4.423339;4.445147
4.404914;4.450480
4.379640;4.451982
4.356006;4.457177
4.331410;4.460678
4.307529;4.464700
4.280811;4.468961
4.252009;4.472561
4.222350;4.476391
4.194373;4.484850
4.158833;4.487014
5.000000;5.000000
5.000000;5.000000
3.104566;3.979381
3.155068;4.059114
3.141858;4.104319
3.137368;4.154617
3.098411;4.187875
3.104414;4.240042
3.115624;4.294825
3.054545;4.323410
2.959870;4.340753
2.858293;4.358384
2.757667;4.382702
2.771675;4.440471
2.788552;4.498947
2.794933;4.552587
2.794953;4.602999
2.814742;4.658699
2.818153;4.710271
2.823408;4.760310
2.828699;4.811131
2.830969;4.860688
2.853153;4.909589
2.852903;4.958413
2.857015;5.008013
2.861233;5.055992
3.363761;5.086045
3.339855;5.123740
3.363271;5.157085
3.368405;5.195365
3.224864;5.248897
3.147628;5.301512
3.101869;5.353404
2.599786;5.496360
2.555086;5.562335
2.573830;5.615393
2.562887;5.676453
2.576183;5.732213
2.610003;5.781424
2.678520;5.817607
2.692517;5.870581
2.703564;5.927058
2.706754;5.986680
2.730801;6.037791
3.842632;5.574250
3.938479;5.558008
4.016151;5.548161
4.080393;5.542598
4.159681;5.522470
4.194563;5.527408
4.201973;5.549649
4.205182;5.574146
4.208437;5.599150
4.211009;5.623316
4.214606;5.648852
4.217764;5.676595
4.222523;5.703850
4.227502;5.729852
4.229193;5.763598
4.235885;5.789892
4.238034;5.823244
4.244680;5.854203
4.247004;5.890909
4.251400;5.924396
4.258409;5.959902
4.266394;5.994124
4.267572;6.039968
4.272911;6.080971
4.282725;6.120305
4.285624;6.169881
4.292080;6.220562
4.303843;6.262255
4.306384;6.326897
5.000000;5.000000
5.000000;5.000000
5.000000;5.000000
5.000000;5.000000
5.000000;5.000000
4.155850;7.293855
4.141750;7.494749
4.196237;7.522018
4.218048;7.652648
4.372259;7.331729
4.425200;7.343281
4.261531;8.266568
4.332359;8.303459
4.411599;8.288016
4.482519;8.330032
4.704419;7.293280
5.000000;5.000000
4.858417;6.760566
4.900455;6.717117
4.938248;6.763919
4.980727;6.675139
