5.006722;6.669487
5.044914;6.649138
5.081789;6.648723
5.118181;6.651778
5.157329;6.667846
5.195537;6.657254
5.234937;6.672076
5.272593;6.676736
5.311990;6.668583
5.349618;6.667237
5.402210;6.725236
5.000000;5.000000
5.000000;5.000000
5.735668;7.449669
5.793600;7.443087
5.756742;7.153934
5.811012;7.149597
5.859572;7.132800
5.909299;7.115072
5.952474;7.085819
6.005398;7.078619
6.153171;7.255841
6.151422;7.130517
6.199837;7.106221
6.210717;7.016449
6.829639;7.919570
6.917191;7.915646
5.000000;5.000000
10.305062;12.378277
10.412019;12.187215
10.186450;11.564987
10.163395;11.243861
10.127917;10.922832
10.152872;10.685318
10.074422;10.350338
6.117652;6.097266
6.117698;6.048113
6.111349;5.994724
6.098937;5.941354
6.101768;5.898203
6.090541;5.849721
6.083065;5.804222
6.078130;5.763332
6.075993;5.723740
6.068630;5.685780
6.062333;5.646328
6.059280;5.609771
6.051791;5.575619
6.048497;5.542977
6.041418;5.508656
6.033813;5.476282
6.028268;5.445809
6.028231;5.416811
6.025991;5.389678
6.021652;5.361580
6.016418;5.332755
6.011745;5.305110
6.011643;5.280272
5.000000;5.000000
5.000000;5.000000
5.000000;5.000000
5.000000;5.000000
5.000000;5.000000
5.000000;5.000000
5.000000;5.000000
5.000000;5.000000
5.000000;5.000000
7.478194;5.150343
7.601096;5.099550
7.596175;5.041073
7.578437;4.981954
7.562368;4.923822
7.552000;4.866288
7.550315;4.808435
7.545152;4.751542
7.543333;4.695465
7.560293;4.634504
7.527199;4.580683
7.511170;4.524730
7.500417;4.468654
7.495785;4.410323
7.079230;4.453897
6.719600;4.502934
6.442590;4.542989
6.246094;4.569845
6.086652;4.594775
5.960775;4.613104
5.927540;4.601553
5.940467;4.572067
5.920491;4.554227
5.911284;4.533496
5.911633;4.507315
5.906117;4.483473
5.899948;4.461998
5.898322;4.433554
5.892625;4.409983
5.891371;4.381386
5.886366;4.354927
5.885568;4.326218
5.883006;4.296479
5.873180;4.270985
5.869985;4.239156
5.870843;4.205222
5.864911;4.174320
5.860850;4.142938
5.855963;4.106974
5.849227;4.073251
5.844927;4.038159
5.840077;4.000047
5.837263;3.956336
5.828187;3.919042
5.824416;3.873123
5.818026;3.829218
5.000000;5.000000
5.000000;5.000000
6.317141;2.853672
6.006443;3.263589
5.000000;5.000000
6.101715;2.894863
6.039834;2.898709
5.848649;3.172703
5.904387;2.940580
5.852026;2.933507
5.795063;2.937700
5.734581;2.956256
5.687600;2.941819
5.668307;2.846046
5.647622;2.737618
5.633602;2.582915
5.612989;2.435236
5.589352;2.271678
5.557767;2.110593
5.760852;0.602587
5.833146;-0.521749
5.000000;5.000000
5.581697;-0.530744
5.304008;1.219704
5.222618;1.159947
5.135270;1.157130
5.047747;1.198550
4.962889;1.205181
4.878897;1.230695
4.942674;4.346761
4.928741;4.348888
4.913061;4.346255
4.899867;4.355229
4.887477;4.366668
4.871042;4.370320
4.858899;4.371648
4.844121;4.375408
4.829295;4.378518
4.815632;4.381129
4.799650;4.383224
4.785380;4.385924
4.771016;4.389533
4.757745;4.391178
4.741870;4.393659
4.727117;4.397683
4.713301;4.400530
4.696078;4.400654
4.681457;4.404323
4.666711;4.409287
4.650094;4.409948
4.633542;4.412113
4.617036;4.414049
4.601871;4.420299
4.582114;4.420447
4.563968;4.423594
4.546538;4.426010
4.527443;4.429561
4.509415;4.433695
4.492695;4.437463
4.471928;4.438920
4.450964;4.442798
4.427760;4.443453
4.408856;4.449904
4.383111;4.451458
4.358506;4.456543
4.335928;4.459470
4.308908;4.463327
4.284636;4.470936
4.255066;4.473433
4.229718;4.478880
4.197020;4.483501
4.163983;4.486740
5.000000;5.000000
5.000000;5.000000
3.100872;3.969392
3.141929;4.047469
3.143421;4.099363
3.134414;4.147230
3.097926;4.180759
3.106326;4.235957
3.100022;4.282333
3.074457;4.321009
2.973343;4.336512
2.889161;4.360789
2.755235;4.372762
2.766812;4.430137
2.773194;4.486481
2.795214;4.542511
2.794409;4.594819
2.810143;4.649372
2.819947;4.700720
2.825207;4.751008
2.827504;4.802000
2.829346;4.851178
2.843267;4.901093
2.864325;4.950440
2.857750;4.999384
2.858257;5.046619
3.371418;5.079068
3.341332;5.116436
3.356003;5.151899
3.373519;5.187480
3.241827;5.240162
3.149286;5.294507
3.117990;5.342940
2.613210;5.482141
2.611317;5.539043
2.572769;5.605023
2.586355;5.659980
2.565410;5.723258
2.585743;5.776310
2.680450;5.804948
2.694323;5.858303
2.704375;5.914977
2.703116;5.976264
2.719534;6.028701
3.825073;5.576519
3.923339;5.559265
4.009050;5.545660
4.071801;5.542283
4.156643;5.520889
4.195063;5.522681
4.199098;5.547225
4.205831;5.569056
4.209202;5.593103
4.210592;5.618744
4.218383;5.643214
4.218597;5.671434
4.223377;5.698080
4.228408;5.724250
4.226678;5.758197
4.236003;5.783734
4.240872;5.815304
4.245479;5.847224
4.250493;5.880428
4.251232;5.916849
4.258760;5.951314
4.263904;5.988544
4.267048;6.031023
4.273710;6.071556
4.280875;6.113765
4.286619;6.157000
4.295359;6.204244
4.299980;6.257828
4.309844;6.308948
5.000000;5.000000
5.000000;5.000000
5.000000;5.000000
5.000000;5.000000
5.000000;5.000000
4.153001;7.266668
4.154598;7.429355
4.181132;7.531609
4.215683;7.618041
4.352849;7.365836
4.419243;7.328931
4.267297;8.196858
4.319536;8.306457
4.397328;8.291277
4.469900;8.270569
4.690464;7.279076
4.745526;7.255188
4.846577;6.775634
4.890489;6.720518
4.928941;6.734795
4.969527;6.690475
