5.026096;6.659545
5.063311;6.637777
5.098908;6.640771
5.136994;6.644303
5.177926;6.680859
5.214977;6.675515
5.251682;6.669131
5.292273;6.673926
5.330127;6.672225
5.371060;6.680266
5.425449;6.747454
5.000000;5.000000
5.696852;7.430838
5.000000;5.000000
5.817750;7.433001
5.000000;5.000000
5.833459;7.147162
5.880172;7.124923
5.940612;7.136345
5.978539;7.092777
6.114299;7.258301
6.155448;7.212455
6.163444;7.108570
6.223946;7.105616
6.258152;7.057276
6.866952;7.925849
5.000000;5.000000
5.000000;5.000000
10.311290;12.261351
10.392630;12.037121
10.223650;11.502429
10.211322;11.197059
10.097120;10.790092
10.193441;10.637070
10.135726;10.327346
6.122393;6.084516
6.115009;6.030823
6.105444;5.976533
6.097501;5.922567
6.094697;5.878722
6.088496;5.834790
6.077444;5.788251
6.074301;5.748777
6.072351;5.710736
6.062460;5.670799
6.060211;5.634361
6.055769;5.599289
6.051600;5.564427
6.047091;5.531473
6.039296;5.497538
6.032552;5.465181
6.030944;5.438307
6.025617;5.409240
6.023106;5.380299
6.017070;5.352733
6.012375;5.324140
6.009790;5.297668
6.012681;5.275548
6.201540;5.301337
6.191149;5.270602
5.000000;5.000000
5.000000;5.000000
5.000000;5.000000
5.000000;5.000000
5.000000;5.000000
5.000000;5.000000
5.000000;5.000000
7.588562;5.142846
7.601077;5.086066
7.587604;5.027538
7.567557;4.968490
7.562215;4.911285
7.556890;4.854968
7.549407;4.796701
7.561390;4.738051
7.530898;4.684394
7.533034;4.624260
7.538797;4.566745
7.505521;4.513846
7.496812;4.456646
7.494989;4.398375
7.019613;4.460229
6.665784;4.508610
6.400254;4.549301
6.213412;4.577087
6.063381;4.597520
5.948809;4.614854
5.926925;4.598234
5.931799;4.571149
5.926283;4.549557
5.911091;4.529840
5.910242;4.504226
5.905410;4.481227
5.903016;4.455452
5.897268;4.430485
5.898158;4.403848
5.892737;4.378534
5.886043;4.351516
5.882046;4.324078
5.882631;4.294006
5.874865;4.267155
5.873662;4.233868
5.870208;4.203044
5.864250;4.171460
5.858934;4.139252
5.853904;4.105696
5.848281;4.070354
5.843760;4.033149
5.841046;3.994987
5.837278;3.952825
5.830187;3.910817
5.823137;3.870332
5.817965;3.826432
5.000000;5.000000
5.000000;5.000000
6.306896;2.861177
5.000000;5.000000
5.000000;5.000000
6.102583;2.882344
6.033082;2.901231
5.840635;3.178085
5.900243;2.937674
5.844228;2.938411
5.789227;2.941082
5.741097;2.927519
5.684402;2.940227
5.665238;2.843526
5.646659;2.722006
5.632126;2.578136
5.609454;2.428227
5.584905;2.266886
5.000000;5.000000
5.740701;0.669641
5.825880;-0.534721
5.000000;5.000000
5.566830;-0.490569
5.302303;1.162639
5.214191;1.178498
5.129560;1.140424
5.042568;1.205239
4.956045;1.242257
4.872140;1.180139
4.942610;4.339489
4.927804;4.348991
4.912763;4.348313
4.898700;4.354652
4.885717;4.366983
4.872232;4.369057
4.857875;4.371879
4.844060;4.375165
4.829063;4.378841
4.815454;4.381182
4.799140;4.382864
4.785993;4.385976
4.770635;4.389409
4.755867;4.391389
4.741870;4.393659
4.727533;4.397220
4.710109;4.398458
4.695157;4.401683
4.680315;4.404935
4.666918;4.408597
4.647301;4.408991
4.633128;4.412076
4.615271;4.414907
4.598723;4.418824
4.580730;4.420521
4.562777;4.421674
4.546225;4.427534
4.529169;4.429756
4.509522;4.433270
4.488261;4.434731
4.467915;4.436175
4.448047;4.442516
4.425170;4.443609
4.405756;4.450305
4.380322;4.453854
4.357239;4.456105
4.332989;4.459519
4.307573;4.465052
4.279652;4.468425
4.252470;4.473208
4.226588;4.481290
4.195845;4.483943
4.157996;4.485506
5.000000;5.000000
5.000000;5.000000
3.105570;3.978046
3.135814;4.050645
3.126284;4.097476
3.130018;4.150849
3.099171;4.189277
3.107472;4.243163
3.114423;4.293756
3.059786;4.323565
2.964435;4.339640
2.861290;4.358835
2.755969;4.379457
2.763996;4.437176
2.772311;4.492572
2.794440;4.548743
2.795012;4.601264
2.819252;4.655761
2.817636;4.706582
2.824228;4.757444
2.829314;4.806990
2.831948;4.857203
2.854249;4.907368
2.854939;4.956601
2.854753;5.003908
2.859130;5.051939
3.367642;5.083644
3.340653;5.120961
3.360239;5.156900
3.371520;5.194042
3.226988;5.249639
3.141300;5.303091
3.113118;5.349626
2.606601;5.493515
2.551513;5.562416
2.576561;5.613958
2.558885;5.676052
2.567596;5.734044
2.585150;5.788269
2.684651;5.815447
2.697445;5.869478
2.705118;5.924895
2.706471;5.986021
2.724136;6.040048
3.843138;5.573584
3.935643;5.560672
4.016414;5.548632
4.080372;5.540592
4.162803;5.520862
4.192377;5.528176
4.200158;5.549656
4.207284;5.571934
4.210713;5.596357
4.211435;5.622243
4.216727;5.647100
4.218699;5.675000
4.224965;5.702451
4.227030;5.732264
4.227322;5.763839
4.237623;5.788095
4.237999;5.824233
4.245025;5.851837
4.247757;5.887944
4.252658;5.922842
4.257611;5.957704
4.266097;5.994526
4.268779;6.038677
4.274713;6.080977
4.281864;6.120940
4.286415;6.172120
4.290098;6.223169
4.305053;6.262636
4.306534;6.327539
5.000000;5.000000
5.000000;5.000000
5.000000;5.000000
5.000000;5.000000
5.000000;5.000000
4.157899;7.291678
4.139039;7.508884
4.199852;7.518183
4.221057;7.652751
4.372846;7.337582
4.428205;7.341701
4.255802;8.309611
4.339705;8.286577
4.415760;8.292060
4.507599;8.276204
4.718587;7.270880
4.773297;7.250862
4.868376;6.756826
4.910672;6.720683
4.948760;6.734744
4.988106;6.676458
