5.008634;6.667727
5.045409;6.649875
5.082238;6.648200
5.118333;6.647255
5.157910;6.663773
5.194440;6.658894
5.235732;6.674236
5.274803;6.676122
5.311694;6.669655
5.348281;6.668027
5.397607;6.720402
5.000000;5.000000
5.000000;5.000000
5.722909;7.416433
5.000000;5.000000
5.749106;7.143364
5.806621;7.152316
5.853303;7.127237
5.903239;7.115493
5.000000;5.000000
5.995394;7.069566
6.157622;7.278545
6.155014;7.152433
6.187424;7.095160
6.206068;7.020980
5.000000;5.000000
6.911989;7.921749
5.000000;5.000000
10.278450;12.375523
10.394445;12.188228
10.269787;11.700799
10.186065;11.295816
10.127819;10.948026
10.145180;10.702049
10.138132;10.441494
5.000000;5.000000
6.127308;6.063439
6.113673;6.003361
6.101687;5.947745
6.098509;5.902581
6.089794;5.851492
6.083693;5.808402
6.084204;5.770758
6.074461;5.726906
6.067103;5.687693
6.058755;5.649309
6.059587;5.615234
6.047606;5.578560
6.046122;5.546462
6.039235;5.512535
6.036562;5.481651
6.031736;5.450372
6.028273;5.422003
6.022855;5.392982
6.019718;5.365522
6.011478;5.335761
6.009584;5.309639
6.009916;5.284596
6.037968;5.269961
6.219406;5.291443
5.000000;5.000000
5.000000;5.000000
5.000000;5.000000
5.000000;5.000000
5.000000;5.000000
5.000000;5.000000
5.000000;5.000000
7.409575;5.158009
7.600241;5.114251
7.586414;5.055058
7.581249;4.997278
7.566013;4.938485
7.559038;4.882151
7.550230;4.824662
7.546899;4.767385
7.535769;4.710418
7.551656;4.652198
7.532895;4.595443
7.533556;4.537080
7.507105;4.482287
7.504528;4.424712
7.235993;4.431019
6.805000;4.491535
6.509243;4.533313
6.296479;4.564244
6.130246;4.587260
5.994134;4.609716
5.929079;4.608362
5.929555;4.584968
5.926352;4.560672
5.915150;4.540012
5.911050;4.516285
5.909762;4.490944
5.902880;4.468904
5.898070;4.442578
5.897208;4.416058
5.896650;4.387733
5.891694;4.361453
5.884798;4.336397
5.882860;4.306367
5.875834;4.279674
5.874117;4.247734
5.871221;4.216436
5.866769;4.186100
5.861978;4.154394
5.854784;4.120777
5.847716;4.089553
5.852836;4.043489
5.844718;4.008886
5.840230;3.969345
5.831129;3.931420
5.826450;3.887668
5.820212;3.844824
5.000000;5.000000
5.000000;5.000000
6.338948;2.852463
5.000000;5.000000
5.000000;5.000000
6.131707;2.877344
6.075174;2.868577
5.869848;3.163594
5.827401;3.152570
5.883634;2.907688
5.817439;2.933557
5.763717;2.933882
5.706921;2.947053
5.672979;2.898108
5.658403;2.775126
5.640759;2.645118
5.621967;2.497637
5.601104;2.333924
5.570735;2.182985
5.788299;0.676274
5.711511;0.531542
5.000000;5.000000
5.629306;-0.496593
5.503628;-0.479404
5.256861;1.178372
5.171065;1.181830
5.083097;1.199158
4.997089;1.204251
4.913711;1.186976
4.948521;4.333485
4.935126;4.346462
4.918850;4.334177
4.905034;4.355964
4.891575;4.358346
4.878416;4.368855
4.864604;4.371161
4.850236;4.373913
4.835866;4.377267
4.822050;4.379253
4.807857;4.382189
4.791759;4.385316
4.779125;4.387881
4.764436;4.391237
4.749053;4.391191
4.734529;4.394379
4.719071;4.397529
4.704134;4.400816
4.688459;4.404296
4.674335;4.407902
4.655928;4.407683
4.638245;4.410380
4.622332;4.410622
4.606804;4.416640
4.589602;4.417872
4.572654;4.422403
4.553838;4.425690
4.536360;4.428715
4.516805;4.432292
4.497197;4.434439
4.477444;4.436504
4.457560;4.439153
4.437222;4.444512
4.415153;4.446483
4.390731;4.450445
4.368368;4.452717
4.346444;4.458482
4.321092;4.464391
4.295889;4.467576
4.267651;4.470872
4.238832;4.476169
4.211233;4.480910
4.177782;4.485829
4.151065;4.493599
3.103229;3.890872
3.107176;3.950622
3.111207;4.007352
3.116231;4.063982
3.139054;4.127685
3.133676;4.175711
3.096569;4.210290
3.108551;4.264966
3.108349;4.313115
3.016639;4.331472
2.917727;4.349554
2.784321;4.361838
2.770563;4.411702
2.774266;4.465558
2.790707;4.522765
2.789927;4.575348
2.806983;4.628566
2.822211;4.682928
2.826761;4.733649
2.828070;4.782929
2.827655;4.833056
2.844688;4.882721
2.847078;4.931862
2.857583;4.981102
2.858948;5.029150
3.378085;5.065812
3.310206;5.104140
3.352516;5.140918
3.370255;5.173937
3.289274;5.219495
3.187827;5.272185
3.126461;5.323425
2.669090;5.451578
2.598397;5.519982
2.566779;5.584757
2.568845;5.642025
2.578027;5.697830
2.569495;5.758969
2.673257;5.786259
2.684820;5.840423
2.699043;5.893919
2.702350;5.953784
2.715968;6.007206
5.000000;5.000000
3.892873;5.562880
3.974683;5.552601
4.047543;5.544274
4.107105;5.538094
4.185660;5.519621
4.194201;5.538641
4.205804;5.558653
4.208576;5.582620
4.207777;5.610231
4.211680;5.635778
4.219074;5.658884
4.220336;5.689409
4.226136;5.714472
4.227654;5.744136
4.234661;5.773305
4.239634;5.802480
4.241256;5.835694
4.248065;5.865811
4.249316;5.904585
4.252940;5.940054
4.261069;5.973903
4.268929;6.010220
4.269546;6.055979
4.275621;6.097497
4.284540;6.140693
4.292469;6.184820
4.299744;6.234468
4.301827;6.293336
5.000000;5.000000
4.314432;6.341749
5.000000;5.000000
5.000000;5.000000
5.000000;5.000000
5.000000;5.000000
4.160306;7.338302
4.158317;7.517790
4.218861;7.527023
4.293721;7.478066
4.397468;7.318486
4.441955;7.357862
4.284968;8.314756
4.368353;8.282275
4.446543;8.267712
4.470562;8.272449
4.691574;7.274181
4.747138;7.250589
4.846556;6.775883
4.890951;6.726309
4.929196;6.740811
4.969626;6.684976
