5.025576;6.646552
5.062907;6.647799
5.100428;6.634668
5.136977;6.649824
5.178628;6.678271
5.215397;6.672436
5.253810;6.668051
5.292459;6.669325
5.329163;6.669867
5.371330;6.686095
5.425921;6.745023
5.000000;5.000000
5.698793;7.434963
5.000000;5.000000
5.821771;7.438769
5.776547;7.137300
5.832826;7.145531
5.880268;7.125154
5.945894;7.142213
5.982500;7.098101
6.104660;7.229600
6.155694;7.207248
6.166635;7.109092
6.230418;7.112552
6.240001;7.022367
6.876415;7.931373
6.966798;7.928303
5.000000;5.000000
10.358969;12.292733
10.367722;11.972715
10.221199;11.473914
10.158568;11.108126
10.106180;10.772428
10.167484;10.584136
10.072681;10.238780
6.121278;6.079910
6.115110;6.025181
6.106931;5.971441
6.095290;5.918202
6.094931;5.874430
6.084411;5.826550
6.079852;5.783673
6.076727;5.745723
6.073905;5.707477
6.062522;5.666004
6.061447;5.630824
6.053625;5.593939
6.050858;5.561048
6.044315;5.527548
6.037706;5.495066
6.030634;5.463960
6.029267;5.433290
6.025783;5.405436
6.022264;5.377534
6.016292;5.349627
6.009174;5.321836
6.014507;5.297579
6.016665;5.274226
6.202415;5.298862
6.191332;5.267523
5.000000;5.000000
5.000000;5.000000
5.000000;5.000000
5.000000;5.000000
5.000000;5.000000
5.000000;5.000000
7.418928;5.178431
7.600748;5.135016
7.601865;5.076853
7.596948;5.016433
7.565409;4.958184
7.557312;4.900407
7.554184;4.843080
7.571839;4.785728
7.562356;4.728019
7.541319;4.671211
7.531006;4.614139
7.543542;4.553125
7.508747;4.501729
7.500248;4.444339
7.487037;4.387915
6.940831;4.471504
6.619205;4.514239
6.364185;4.553971
6.177735;4.581145
6.043664;4.599138
5.936798;4.613228
5.926629;4.593180
5.927983;4.568261
5.918014;4.548015
5.911049;4.524874
5.909505;4.499755
5.905262;4.476460
5.903001;4.451084
5.896953;4.424877
5.896719;4.398091
5.891865;4.371622
5.887296;4.343517
5.885977;4.315657
5.880178;4.287767
5.870706;4.262218
5.871485;4.226864
5.869526;4.192717
5.865138;4.162292
5.860238;4.129975
5.852261;4.096553
5.848716;4.059608
5.845814;4.020036
5.841173;3.982410
5.834150;3.942678
5.827698;3.902342
5.825131;3.852640
5.815478;3.812854
5.000000;5.000000
5.000000;5.000000
6.299939;2.840584
5.000000;5.000000
6.134872;2.902029
6.081255;2.889337
5.957613;3.016295
5.835126;3.165110
5.900011;2.905426
5.831888;2.934748
5.776880;2.941467
5.725610;2.938471
5.676338;2.924677
5.664465;2.801206
5.650050;2.668422
5.622975;2.552800
5.606055;2.382240
5.580666;2.212334
5.799475;0.751314
5.732327;0.573165
5.630953;0.555816
5.668859;-0.558905
5.533418;-0.475077
5.273144;1.257956
5.191451;1.192310
5.103057;1.189143
5.017884;1.193042
4.932463;1.233355
4.952662;4.335684
4.938724;4.344357
4.922652;4.346058
4.908655;4.349886
4.895181;4.359520
4.880972;4.368113
4.866603;4.370478
4.852818;4.373301
4.838669;4.376019
4.824797;4.378732
4.809057;4.382079
4.795515;4.383793
4.780299;4.387458
4.766150;4.389238
4.752348;4.393083
4.736513;4.394331
4.721488;4.396683
4.706654;4.400135
4.690631;4.402884
4.677166;4.405785
4.659483;4.407938
4.643893;4.408703
4.628177;4.412827
4.610586;4.414409
4.594384;4.419707
4.577313;4.420841
4.558646;4.425766
4.540459;4.428297
4.521760;4.429415
4.502702;4.431916
4.481896;4.435797
4.462869;4.438210
4.441900;4.441579
4.421214;4.445555
4.398019;4.448374
4.372920;4.452436
4.349437;4.458010
4.324173;4.460910
4.299802;4.464495
4.270947;4.469307
4.243714;4.474383
4.214654;4.479811
4.185251;4.484285
4.146686;4.486317
5.000000;5.000000
5.000000;5.000000
3.115133;3.998318
3.127750;4.059388
3.105174;4.100477
3.138470;4.167998
3.102375;4.202871
3.101021;4.251963
3.110391;4.304615
3.034509;4.327828
2.938226;4.343569
2.832031;4.363407
2.773156;4.400038
2.771879;4.452090
2.793104;4.510644
2.794369;4.563031
2.791807;4.613570
2.822645;4.671471
2.827177;4.722274
2.828975;4.771662
2.828153;4.820521
2.828105;4.870538
2.846710;4.920690
2.851725;4.968897
2.858321;5.017454
2.863262;5.065780
3.338947;5.094698
3.344256;5.132035
3.369779;5.164509
3.354352;5.202010
3.197451;5.260322
3.135504;5.312483
3.081345;5.364654
2.564718;5.511895
2.550390;5.573068
2.560291;5.628047
2.558805;5.686922
2.573562;5.741644
2.639385;5.780344
2.679861;5.825144
2.698844;5.878795
2.705015;5.935953
2.697141;5.999725
2.722543;6.049763
3.866633;5.568040
3.953473;5.556417
4.029297;5.547073
4.092303;5.540628
4.174883;5.518960
4.194288;5.532902
4.200422;5.554001
4.205953;5.576490
4.207943;5.602635
4.213104;5.627564
4.216641;5.653260
4.220329;5.681069
4.225560;5.705708
4.229301;5.735741
4.230978;5.766813
4.236843;5.794981
4.237786;5.828119
4.246644;5.857599
4.248392;5.892734
4.254345;5.928378
4.257154;5.967455
4.267404;5.997351
4.269206;6.042949
4.273001;6.087353
4.279846;6.128849
4.287807;6.174137
4.293695;6.222363
4.302660;6.271020
4.310465;6.326205
5.000000;5.000000
5.000000;5.000000
5.000000;5.000000
5.000000;5.000000
5.000000;5.000000
4.156435;7.301793
4.145245;7.499383
4.209501;7.490296
4.221746;7.648524
4.372263;7.339755
4.427694;7.346723
4.258228;8.319635
4.339400;8.306149
4.418590;8.290783
4.507079;8.279665
4.718587;7.270880
4.772430;7.246503
4.869628;6.740123
4.909250;6.728870
4.948618;6.711729
4.988479;6.668960
