5.010772;6.652215
5.047683;6.635555
5.084764;6.635805
5.121734;6.646005
5.159039;6.643825
5.194724;6.642246
5.236709;6.675361
5.275201;6.673523
5.313056;6.664567
5.349903;6.664623
5.399195;6.719007
5.000000;5.000000
5.000000;5.000000
5.735478;7.454163
5.000000;5.000000
5.755089;7.153189
5.809594;7.153337
5.862545;7.143731
5.909925;7.122694
5.000000;5.000000
6.012128;7.098690
6.142084;7.241571
6.147376;7.129859
6.190110;7.097085
6.216541;7.033653
5.000000;5.000000
5.000000;5.000000
5.000000;5.000000
5.000000;5.000000
5.000000;5.000000
5.000000;5.000000
5.000000;5.000000
5.000000;5.000000
5.000000;5.000000
5.000000;5.000000
6.132569;6.114900
6.127302;6.058338
6.109846;5.994529
6.096967;5.940578
6.099185;5.898205
6.087189;5.847109
6.085981;5.807842
6.075886;5.761744
6.074606;5.724904
6.063594;5.682981
6.063786;5.648750
6.056814;5.612541
6.047895;5.574924
6.044412;5.541624
6.042032;5.510813
6.039392;5.480302
6.029732;5.448087
6.027219;5.419960
6.021055;5.391392
6.017119;5.362392
6.016698;5.337494
6.009939;5.308478
6.013930;5.285098
5.000000;5.000000
6.225070;5.290315
5.000000;5.000000
5.000000;5.000000
5.000000;5.000000
5.000000;5.000000
5.000000;5.000000
5.000000;5.000000
5.000000;5.000000
5.000000;5.000000
7.581804;5.106497
7.560807;5.047635
7.557736;4.991663
7.543397;4.934147
7.535799;4.877617
7.522604;4.820243
7.523752;4.764130
7.540119;4.704493
7.540211;4.646065
7.519670;4.590368
7.495143;4.536926
7.479378;4.481565
7.484556;4.423779
7.181945;4.437639
6.780786;4.493193
6.497260;4.534343
6.274830;4.568117
6.113612;4.590549
5.992970;4.606763
5.924301;4.607974
5.940522;4.577039
5.925536;4.559536
5.914622;4.538408
5.910540;4.515325
5.908669;4.490526
5.903786;4.464046
5.901566;4.438731
5.897592;4.412986
5.896417;4.386505
5.891261;4.359562
5.887638;4.332269
5.881535;4.305492
5.879527;4.275506
5.876658;4.243789
5.872296;4.215015
5.867523;4.183982
5.860045;4.152072
5.855338;4.118179
5.853057;4.082230
5.850124;4.045426
5.844806;4.006663
5.838252;3.967736
5.830771;3.931458
5.827792;3.885862
5.818372;3.844132
5.000000;5.000000
5.000000;5.000000
6.332645;2.861202
5.000000;5.000000
5.000000;5.000000
6.131543;2.874707
6.063938;2.887830
5.852962;3.194324
5.816669;3.164754
5.875360;2.916139
5.822170;2.916341
5.759399;2.935221
5.702948;2.949654
5.677578;2.867562
5.656611;2.767820
5.635695;2.643228
5.615252;2.507306
5.593046;2.349537
5.566315;2.174188
5.782713;0.659762
5.000000;5.000000
5.000000;5.000000
5.606742;-0.400272
5.490051;-0.446247
5.248898;1.187616
5.164627;1.186552
5.078246;1.186803
4.990892;1.200011
4.906231;1.209910
4.948341;4.341022
4.934186;4.347812
4.917113;4.330612
4.904823;4.351952
4.890559;4.363845
4.877378;4.368036
4.863541;4.370623
4.849576;4.374072
4.833589;4.377354
4.819422;4.379752
4.806140;4.382726
4.790515;4.384946
4.776486;4.388840
4.762714;4.389224
4.746099;4.392146
4.731411;4.394388
4.717588;4.397670
4.702814;4.401470
4.687942;4.404003
4.673128;4.407996
4.654833;4.406585
4.639637;4.410114
4.623276;4.413580
4.605994;4.415075
4.587619;4.417436
4.569443;4.420739
4.552642;4.424720
4.535758;4.429204
4.514862;4.429677
4.498020;4.434711
4.477129;4.437139
4.457572;4.439489
4.434321;4.442826
4.413464;4.447544
4.390676;4.449759
4.366868;4.454069
4.341321;4.456046
4.320089;4.462435
4.295916;4.470031
4.266181;4.471628
4.237445;4.475538
4.208247;4.480902
4.175598;4.484134
4.143042;4.489481
3.083593;3.880868
3.087849;3.940626
3.124620;4.017840
3.162472;4.090032
3.147111;4.134061
3.144940;4.182385
3.120218;4.221791
3.121997;4.272470
3.121574;4.321381
3.021195;4.335965
2.904680;4.348564
2.788702;4.363789
2.775116;4.414044
2.776225;4.469185
2.778824;4.523317
2.791033;4.576220
2.784790;4.627865
2.792031;4.680263
2.816306;4.734704
2.815818;4.784877
2.823322;4.833982
2.828361;4.883712
2.841779;4.933352
2.856828;4.981712
2.859721;5.030782
3.372147;5.067460
5.000000;5.000000
3.358036;5.140922
3.375824;5.174288
3.283386;5.220752
3.187647;5.274344
3.141828;5.322791
2.667372;5.451911
2.634854;5.513513
2.572949;5.584751
2.579239;5.639280
2.585914;5.696310
2.594391;5.753980
2.663451;5.790820
2.682484;5.842780
2.694898;5.897055
2.711628;5.950704
2.727032;6.004410
5.000000;5.000000
3.892185;5.564835
3.977238;5.553124
4.047856;5.544822
4.104360;5.540802
4.188066;5.518744
4.194666;5.539336
4.204393;5.560558
4.204830;5.585965
4.210678;5.609082
4.212264;5.635308
4.218625;5.660289
4.222001;5.687140
4.224161;5.717123
4.224124;5.748399
4.232923;5.775805
4.238935;5.804916
4.241131;5.837605
4.242261;5.874015
4.251387;5.904028
4.257087;5.937601
4.260932;5.975054
4.265557;6.015494
4.268976;6.059840
4.276335;6.099165
4.283876;6.141752
4.291502;6.190065
4.298227;6.239356
4.298668;6.301575
5.000000;5.000000
4.315279;6.343585
5.000000;5.000000
5.000000;5.000000
5.000000;5.000000
5.000000;5.000000
4.175633;7.309535
4.172833;7.487844
4.229845;7.504249
4.321474;7.402523
4.400729;7.324236
4.450121;7.346430
4.295547;8.287112
4.375209;8.280533
4.456814;8.244849
4.482636;8.225268
4.694024;7.275773
4.748097;7.265539
4.851520;6.751719
4.892954;6.718169
4.930061;6.740095
4.971484;6.680258
