5.020291;6.653376
5.057553;6.639490
5.094316;6.637786
5.129387;6.638399
5.168574;6.656193
5.205887;6.647182
5.244153;6.662416
5.284395;6.663617
5.322952;6.669551
5.360001;6.665026
5.413259;6.729821
5.487277;6.861790
5.620439;7.186424
5.000000;5.000000
5.807724;7.441087
5.767847;7.144690
5.825791;7.153069
5.870180;7.129035
5.923824;7.120227
5.973721;7.107698
6.081460;7.211483
6.156191;7.236298
6.165184;7.131003
6.220619;7.119959
6.254340;7.068379
5.000000;5.000000
5.000000;5.000000
5.000000;5.000000
5.000000;5.000000
5.000000;5.000000
5.000000;5.000000
5.000000;5.000000
5.000000;5.000000
5.000000;5.000000
5.000000;5.000000
6.131165;6.098457
6.119858;6.038097
6.111340;5.983830
6.104072;5.932616
6.098656;5.885368
6.092880;5.840985
6.086267;5.795666
6.077370;5.753989
6.070362;5.712376
6.066335;5.674963
6.060461;5.636860
6.055096;5.601988
6.049483;5.568356
6.046106;5.534509
6.036705;5.501194
6.034308;5.470393
6.031348;5.442454
6.030405;5.412755
6.022402;5.383612
6.018209;5.356302
6.012928;5.327318
6.008748;5.300306
5.000000;5.000000
5.000000;5.000000
6.201790;5.276778
5.000000;5.000000
5.000000;5.000000
5.000000;5.000000
5.000000;5.000000
5.000000;5.000000
5.000000;5.000000
5.000000;5.000000
7.582500;5.148223
7.597908;5.090948
7.587046;5.032494
7.576869;4.974059
7.570899;4.916660
7.553958;4.860783
7.549543;4.801609
7.549699;4.744186
7.521642;4.688985
7.569726;4.624607
7.527914;4.572841
7.513216;4.518101
7.511535;4.458485
7.510183;4.399547
7.038129;4.458838
6.673863;4.511281
6.418153;4.546988
6.228531;4.572610
6.074094;4.596170
5.955175;4.612590
5.923714;4.600256
5.932951;4.572460
5.921562;4.551853
5.912389;4.530721
5.913329;4.505719
5.906223;4.482145
5.903804;4.456276
5.898733;4.432331
5.899860;4.402345
5.894711;4.378306
5.891729;4.349976
5.888439;4.322148
5.882827;4.293850
5.877770;4.264005
5.875516;4.231053
5.874295;4.198993
5.865370;4.171183
5.862394;4.135287
5.856753;4.102194
5.848994;4.071005
5.846883;4.029571
5.843321;3.990697
5.839659;3.947367
5.829978;3.914117
5.822812;3.870095
5.822634;3.817801
5.000000;5.000000
5.000000;5.000000
6.311819;2.848951
5.000000;5.000000
5.000000;5.000000
6.100504;2.886335
6.039483;2.885155
5.838226;3.181930
5.905147;2.924812
5.847612;2.928451
5.790536;2.939441
5.730576;2.953228
5.691686;2.916303
5.666974;2.835690
5.653944;2.698866
5.633945;2.565434
5.612682;2.414604
5.581975;2.280576
5.000000;5.000000
5.764493;0.522801
5.000000;5.000000
5.000000;5.000000
5.547051;-0.328995
5.293917;1.241475
5.210178;1.211075
5.125560;1.205327
5.037448;1.207935
4.951830;1.222557
4.867397;1.201814
4.940109;4.337954
4.926660;4.348364
4.911336;4.349515
4.897482;4.352566
4.884110;4.366767
4.870116;4.369489
4.857032;4.372070
4.841424;4.375571
4.827984;4.378879
4.813730;4.380394
4.798630;4.382504
4.783037;4.386218
4.769756;4.388671
4.755517;4.391530
4.740092;4.394963
4.723944;4.395006
4.709264;4.398033
4.692811;4.400636
4.679553;4.403926
4.663929;4.407414
4.647069;4.411170
4.629242;4.411267
4.614415;4.413974
4.596210;4.417218
4.577980;4.420355
4.560591;4.422705
4.544196;4.425313
4.525547;4.429836
4.506424;4.434639
4.486266;4.436882
4.466963;4.439488
4.445987;4.443858
4.421424;4.442450
4.401266;4.447429
4.379354;4.452683
4.355087;4.457881
4.330492;4.461419
4.303659;4.462348
4.279995;4.470489
4.251248;4.473207
4.220875;4.477242
4.190248;4.481556
4.152216;4.482978
5.000000;5.000000
5.000000;5.000000
3.122405;3.991075
3.126030;4.048376
3.126460;4.099994
3.125220;4.152353
3.097788;4.189333
3.102495;4.243493
3.115052;4.295640
3.051554;4.325928
2.957559;4.343032
2.841081;4.356610
2.740089;4.382522
2.759850;4.441382
2.786074;4.500839
2.795442;4.555111
2.794442;4.607272
2.812063;4.661287
2.817683;4.711912
2.821845;4.763097
2.828786;4.813026
2.846215;4.865192
2.853483;4.913726
2.853330;4.962333
2.857776;5.010475
2.861793;5.058234
3.360667;5.089045
3.354553;5.125817
3.364073;5.160175
3.367314;5.196766
3.214610;5.251382
3.137456;5.305918
3.103166;5.353539
2.592973;5.499213
2.540576;5.566169
2.546626;5.623044
2.565204;5.677319
2.574662;5.734956
2.612353;5.782176
2.678755;5.818274
2.685487;5.876022
2.689444;5.934820
2.693609;5.991550
2.707992;6.047425
3.851814;5.569694
3.946862;5.555149
4.021654;5.545709
4.080060;5.543509
4.156050;5.527986
4.196051;5.528308
4.203075;5.550807
4.204536;5.574961
4.208644;5.600665
4.211994;5.625365
4.216154;5.651503
4.219213;5.679409
4.222913;5.705397
4.228845;5.730545
4.230262;5.765030
4.234105;5.794776
4.239343;5.825474
4.244674;5.855532
4.247556;5.892684
4.253414;5.926986
4.259088;5.961689
4.262693;5.998538
4.268382;6.041149
4.271548;6.083670
4.278981;6.128296
4.285830;6.170300
4.292281;6.221834
4.300110;6.271616
4.303489;6.332436
5.000000;5.000000
5.000000;5.000000
5.000000;5.000000
5.000000;5.000000
5.000000;5.000000
4.151475;7.303699
4.142554;7.493968
4.203957;7.496140
4.229640;7.621660
4.367840;7.348144
4.427057;7.343479
4.250269;8.325279
4.324457;8.347516
4.403569;8.343977
4.486928;8.333243
4.706584;7.295574
4.763574;7.260419
4.862791;6.748124
4.903389;6.717785
4.940572;6.740486
4.981682;6.675900
