5.002722;6.669998
5.039418;6.644278
5.077585;6.636912
5.113433;6.649855
5.151894;6.659564
5.190107;6.668958
5.230151;6.671732
5.267734;6.676253
5.305333;6.671084
5.343272;6.668810
5.389965;6.704459
5.439769;6.745710
5.000000;5.000000
5.713348;7.408845
5.000000;5.000000
5.000000;5.000000
5.000000;5.000000
5.844667;7.123956
5.896265;7.116557
5.966399;7.150046
5.990117;7.074866
6.152759;7.285771
6.203527;7.259451
6.179704;7.099802
6.226669;7.071264
5.000000;5.000000
6.896597;7.918952
5.000000;5.000000
10.258044;12.402353
10.372213;12.216082
10.425419;11.956156
10.271075;11.451782
10.155620;11.023346
10.115770;10.713358
10.152225;10.501679
10.070225;10.171364
6.124237;6.069952
6.113704;6.011154
6.104293;5.958494
6.097735;5.909019
6.091257;5.861771
6.083791;5.815776
6.083692;5.777926
6.075836;5.736439
6.067080;5.695086
6.060060;5.655295
6.059414;5.620988
6.053241;5.586955
6.046705;5.550732
6.044347;5.520795
6.036212;5.485359
6.035563;5.458439
6.027217;5.426526
6.025191;5.399417
6.020507;5.369232
6.014072;5.340621
6.009045;5.313925
6.016911;5.292892
5.000000;5.000000
5.000000;5.000000
6.200566;5.262834
5.000000;5.000000
5.000000;5.000000
5.000000;5.000000
5.000000;5.000000
5.000000;5.000000
5.000000;5.000000
7.393037;5.165452
7.598845;5.122928
7.596968;5.063752
7.587494;5.005706
7.565480;4.948341
7.562905;4.890344
7.554482;4.831996
7.552582;4.774760
7.557765;4.715853
7.549509;4.658713
7.528386;4.605355
7.517812;4.546937
7.517599;4.488671
7.508340;4.432437
7.315353;4.419562
6.843887;4.487634
6.558800;4.524367
6.325200;4.558688
6.151541;4.585854
6.013216;4.607038
5.931795;4.612257
5.920642;4.591379
5.927929;4.564601
5.917262;4.543677
5.915480;4.519321
5.906316;4.497086
5.900229;4.472784
5.898924;4.446813
5.896963;4.420736
5.895712;4.393021
5.895235;4.365129
5.885363;4.340075
5.882951;4.312571
5.876290;4.285755
5.871839;4.256217
5.873138;4.221200
5.868526;4.190540
5.862886;4.159973
5.856270;4.127821
5.849661;4.094451
5.850211;4.053217
5.844157;4.016631
5.839732;3.977983
5.832942;3.940454
5.827881;3.895286
5.824425;3.849671
5.000000;5.000000
5.000000;5.000000
6.357697;2.845923
6.282815;2.859753
5.000000;5.000000
6.127702;2.908101
6.083996;2.874453
5.886258;3.155079
5.829258;3.163548
5.887779;2.913519
5.825531;2.935699
5.766076;2.948093
5.713938;2.945248
5.673483;2.913764
5.659655;2.791147
5.644105;2.660290
5.622240;2.530950
5.605533;2.347490
5.576804;2.193153
5.803907;0.656773
5.709853;0.620404
5.612100;0.594570
5.657991;-0.581348
5.522137;-0.512577
5.265129;1.212769
5.180134;1.191758
5.093766;1.224664
5.009400;1.228762
4.924556;1.198999
4.951087;4.334294
4.935711;4.343390
4.920113;4.340320
4.907486;4.352829
4.893177;4.360359
4.880744;4.367901
4.864620;4.370646
4.852100;4.373213
4.838552;4.376307
4.823240;4.378913
4.809516;4.381676
4.794688;4.384068
4.780384;4.387694
4.766862;4.390572
4.751904;4.392994
4.734529;4.394379
4.720080;4.397886
4.704934;4.400700
4.690289;4.403344
4.674385;4.407589
4.657725;4.408953
4.642406;4.411355
4.624131;4.412438
4.609235;4.416512
4.591309;4.416977
4.575836;4.423473
4.557732;4.424577
4.539064;4.428136
4.519626;4.431865
4.501122;4.432970
4.479799;4.435689
4.459504;4.439014
4.440580;4.443255
4.416802;4.446559
4.395749;4.448634
4.370016;4.452344
4.349052;4.457690
4.323388;4.462297
4.298225;4.465737
4.269476;4.470056
4.242708;4.475834
4.213639;4.480439
4.181726;4.484248
5.000000;5.000000
4.144149;4.485683
5.000000;5.000000
3.112906;4.000381
3.147906;4.073291
3.131907;4.118211
3.140762;4.173295
3.096004;4.203844
3.103386;4.256883
3.108495;4.309060
3.025650;4.329024
2.939322;4.350874
2.805614;4.360217
2.772378;4.404865
2.768733;4.456531
2.789693;4.515666
2.791977;4.568714
2.802676;4.621115
2.812717;4.673618
2.826570;4.727066
2.829158;4.777151
2.828012;4.825331
2.841267;4.876721
2.842507;4.926334
2.855407;4.974092
2.858632;5.023816
2.862447;5.071549
3.323965;5.099744
3.352065;5.135547
3.369898;5.168129
3.322157;5.210536
3.200230;5.263797
3.133707;5.315361
2.684850;5.438170
2.581015;5.514042
2.553517;5.576543
2.561744;5.634656
2.579763;5.687540
2.571381;5.748171
2.666966;5.776937
2.683258;5.830196
2.694232;5.885626
2.699413;5.943388
2.695854;6.005539
2.716167;6.058016
3.872201;5.566873
3.961158;5.554889
4.035118;5.547210
4.094629;5.541597
4.177421;5.519237
4.195991;5.533661
4.204032;5.555689
4.206858;5.578159
4.205374;5.606276
4.209908;5.631974
4.217505;5.655853
4.218799;5.684257
4.228748;5.706602
4.227826;5.739985
4.231346;5.768949
4.238289;5.797750
4.238999;5.831268
4.247715;5.860532
4.246297;5.900115
4.253696;5.933944
4.259857;5.970468
4.267859;6.003572
4.270182;6.048814
4.275959;6.089926
4.281649;6.132958
4.291074;6.176112
4.296773;6.227883
4.305491;6.275702
5.000000;5.000000
4.313685;6.331532
5.000000;5.000000
5.000000;5.000000
5.000000;5.000000
5.000000;5.000000
4.155916;7.328745
4.154756;7.502879
4.207064;7.533303
4.246478;7.614323
4.388958;7.320136
4.439221;7.343335
4.266098;8.335464
4.354132;8.288169
4.429798;8.295535
4.464295;8.255721
4.683286;7.293990
4.739246;7.260259
4.839927;6.788601
4.883996;6.733373
4.924693;6.732864
4.964383;6.688375
