5.017289;6.669661
5.054004;6.636859
5.091410;6.650721
5.127003;6.644353
5.165422;6.656762
5.204273;6.656200
5.242521;6.670235
5.282639;6.675579
5.320569;6.673574
5.357279;6.667913
5.410806;6.734259
5.000000;5.000000
5.682520;7.433603
5.741168;7.431550
5.803274;7.438608
5.760473;7.138297
5.817748;7.146241
5.871890;7.143186
5.917582;7.115308
5.971120;7.111099
6.035463;7.121546
6.137729;7.207847
6.159749;7.133681
6.210041;7.110468
6.226465;7.031188
6.849706;7.935305
6.931367;7.918274
5.000000;5.000000
10.302877;12.333621
10.350301;12.053046
10.212614;11.560525
10.193241;11.240866
10.142287;10.902737
10.132353;10.628966
10.097377;10.342649
6.111530;6.084579
6.109340;6.035090
6.108491;5.988917
6.101280;5.938612
6.094244;5.889627
6.090097;5.844181
6.083227;5.800642
6.078554;5.758830
6.074472;5.720624
6.068360;5.681564
6.056942;5.640275
6.057770;5.606879
6.052948;5.572453
6.050426;5.541424
6.039335;5.506652
6.030134;5.472912
6.031619;5.445619
6.023836;5.414344
6.021480;5.386061
6.019003;5.359324
6.015655;5.333476
6.010612;5.305402
6.011322;5.280497
5.000000;5.000000
5.000000;5.000000
5.000000;5.000000
5.000000;5.000000
5.000000;5.000000
5.000000;5.000000
5.000000;5.000000
5.000000;5.000000
5.000000;5.000000
7.486807;5.148712
7.600431;5.097278
7.597206;5.039096
7.571187;4.982005
7.563617;4.923785
7.557818;4.867458
7.548820;4.808547
7.562890;4.750554
7.537638;4.694172
7.558243;4.634296
7.523133;4.580612
7.526400;4.521848
7.504756;4.466225
7.499191;4.409518
7.101792;4.449263
6.726902;4.500285
6.452388;4.540805
6.252129;4.571252
6.096921;4.592981
5.966733;4.613181
5.928993;4.602406
5.938875;4.572792
5.923950;4.555065
5.912845;4.534353
5.911616;4.509918
5.906741;4.485074
5.901897;4.462826
5.901066;4.436041
5.896300;4.409650
5.890913;4.385998
5.890287;4.356501
5.884749;4.328446
5.885332;4.297396
5.875028;4.273986
5.872112;4.242739
5.872051;4.205804
5.865113;4.176344
5.859461;4.145796
5.856194;4.111009
5.847639;4.079601
5.847320;4.038599
5.840200;4.001457
5.837068;3.960669
5.831848;3.920279
5.826212;3.877232
5.818291;3.835509
5.000000;5.000000
5.000000;5.000000
6.325225;2.848371
5.000000;5.000000
5.000000;5.000000
6.115348;2.877736
6.051156;2.884511
5.853233;3.175668
5.908237;2.942002
5.868556;2.906526
5.806134;2.929120
5.742945;2.953962
5.692545;2.949283
5.671432;2.860639
5.655038;2.737152
5.639538;2.595083
5.616068;2.462207
5.595104;2.284187
5.564560;2.117007
5.764993;0.648227
5.850429;-0.524932
5.000000;5.000000
5.597165;-0.520043
5.317225;1.210003
5.232873;1.179591
5.145508;1.169263
5.059769;1.175717
4.974331;1.229087
4.888556;1.251406
4.945292;4.338759
4.929615;4.348793
4.915691;4.344398
4.900456;4.354126
4.888510;4.366486
4.874592;4.368583
4.858899;4.371648
4.844419;4.375075
4.831566;4.378158
4.817116;4.380689
4.803048;4.383443
4.787265;4.385269
4.772744;4.388621
4.759547;4.389926
4.743479;4.393247
4.728517;4.396776
4.714903;4.400043
4.699374;4.403470
4.683742;4.402824
4.666946;4.403708
4.651390;4.406570
4.635405;4.410074
4.618578;4.415431
4.603992;4.420057
4.585170;4.420714
4.567698;4.423602
4.548434;4.425471
4.531074;4.428835
4.512515;4.431682
4.495429;4.437358
4.472816;4.437058
4.453198;4.444106
4.430986;4.446590
4.408832;4.449564
4.383847;4.450631
4.364655;4.458186
4.338991;4.461648
4.311799;4.464090
4.288385;4.467988
4.261011;4.473694
4.230155;4.477345
4.201669;4.483674
4.168160;4.487105
5.000000;5.000000
5.000000;5.000000
3.104523;3.964777
3.119947;4.028448
3.129710;4.085835
3.132437;4.138955
3.095775;4.173765
3.097944;4.225356
3.111274;4.280162
3.081574;4.318137
2.986063;4.337040
2.892728;4.356793
2.759811;4.369407
2.768063;4.427265
2.764349;4.479247
2.796696;4.539072
2.795072;4.591224
2.822418;4.647053
2.810125;4.695092
2.825392;4.747226
2.827238;4.796723
2.825440;4.846092
2.852421;4.898005
2.856676;4.946151
2.865005;4.995292
2.859184;5.043108
3.370792;5.076437
3.341980;5.114953
3.352890;5.148047
3.371780;5.183253
3.259773;5.232954
3.169497;5.286254
3.129925;5.334471
2.617182;5.473972
2.627051;5.528086
2.572995;5.596570
2.572390;5.655302
2.562243;5.716067
2.591913;5.767708
2.678777;5.797807
2.690609;5.851879
2.700185;5.906442
2.706072;5.964638
2.716845;6.021496
3.808545;5.577417
3.911622;5.561646
3.995492;5.548492
4.069605;5.539505
4.118252;5.539592
4.193242;5.520790
4.197005;5.544150
4.203982;5.564740
4.206651;5.589686
4.211259;5.615539
4.214675;5.639475
4.216785;5.667009
4.222052;5.695102
4.226344;5.720212
4.230231;5.751104
4.232852;5.782751
4.238886;5.810709
4.243346;5.841625
4.249978;5.874727
4.251209;5.911335
4.255744;5.946732
4.265636;5.981102
4.268052;6.021295
4.269634;6.066965
4.276258;6.108979
4.288413;6.146939
4.290588;6.199697
4.300783;6.245963
4.303827;6.305758
4.323805;6.336979
5.000000;5.000000
5.000000;5.000000
5.000000;5.000000
5.000000;5.000000
5.000000;5.000000
4.167916;7.353222
4.168170;7.524485
4.236340;7.512247
4.330914;7.394528
4.414770;7.298929
4.453831;7.362181
4.300826;8.310472
4.383326;8.285884
4.487951;8.278504
4.704618;7.271122
4.760396;7.242989
4.858212;6.756788
4.901256;6.720418
4.936415;6.763104
4.979436;6.675624
