5.018030;6.664152
5.055133;6.633070
5.091704;6.647449
5.129012;6.645701
5.166018;6.649919
5.203456;6.646981
5.243302;6.668858
5.283625;6.672624
5.321559;6.674403
5.358133;6.667219
5.412901;6.732733
5.000000;5.000000
5.677509;7.407744
5.000000;5.000000
5.799261;7.419398
5.766088;7.146912
5.822682;7.150512
5.872639;7.138562
5.921575;7.122841
5.973367;7.111716
6.037735;7.125166
6.136240;7.204957
6.156938;7.122687
6.207816;7.104250
6.230991;7.037801
5.000000;5.000000
5.000000;5.000000
5.000000;5.000000
5.000000;5.000000
5.000000;5.000000
5.000000;5.000000
5.000000;5.000000
5.000000;5.000000
5.000000;5.000000
5.000000;5.000000
6.126729;6.098355
6.115255;6.039011
6.108607;5.985780
6.098426;5.933093
6.091673;5.884066
6.088011;5.841565
6.079443;5.796087
6.077994;5.756583
6.071764;5.716130
6.064909;5.677210
6.060548;5.642042
6.054952;5.605261
6.049104;5.570103
6.046259;5.537500
6.043084;5.506377
6.035769;5.474417
6.030634;5.442850
6.030777;5.414511
6.023167;5.385130
6.018172;5.357166
6.015484;5.331588
6.008388;5.303254
5.000000;5.000000
5.000000;5.000000
6.231453;5.286098
5.000000;5.000000
5.000000;5.000000
5.000000;5.000000
5.000000;5.000000
5.000000;5.000000
5.000000;5.000000
5.000000;5.000000
5.000000;5.000000
7.573755;5.094797
7.567231;5.037168
7.553909;4.978452
7.534004;4.920531
7.532423;4.865366
7.522303;4.809323
7.533195;4.750011
7.535388;4.692224
7.516394;4.636585
7.507648;4.580468
7.498525;4.525138
7.474185;4.471500
7.466534;4.413737
7.087051;4.451200
6.710670;4.504448
6.431124;4.544054
6.231466;4.573441
6.087512;4.592791
5.961304;4.613748
5.926966;4.601484
5.936481;4.572363
5.925013;4.553241
5.912085;4.532866
5.909795;4.508646
5.907054;4.482593
5.904240;4.459433
5.901724;4.432858
5.894617;4.407556
5.889818;4.383096
5.889939;4.353890
5.887631;4.323976
5.883006;4.296479
5.877613;4.267712
5.874565;4.236038
5.865498;4.210861
5.862922;4.176219
5.858776;4.143691
5.855699;4.108106
5.852224;4.071590
5.843971;4.038318
5.840468;3.997437
5.837707;3.957013
5.830619;3.915867
5.823264;3.875377
5.821944;3.824331
5.000000;5.000000
5.000000;5.000000
6.310941;2.861014
5.000000;5.000000
5.000000;5.000000
6.101658;2.893987
6.045527;2.886185
5.837276;3.197191
5.912525;2.923130
5.859227;2.919440
5.805681;2.918486
5.747169;2.929966
5.688995;2.950725
5.670925;2.843456
5.650974;2.734939
5.629837;2.610359
5.608483;2.469119
5.588499;2.293236
5.553048;2.151186
5.754164;0.661054
5.817297;-0.378255
5.000000;5.000000
5.578894;-0.448835
5.317999;1.124776
5.226484;1.181962
5.139798;1.184560
5.052288;1.186358
4.964911;1.187662
4.879774;1.224164
4.942526;4.346522
4.928854;4.351642
4.913613;4.343661
4.900385;4.354896
4.886308;4.367131
4.871243;4.369768
4.858653;4.371959
4.844419;4.375075
4.829719;4.378661
4.815098;4.381288
4.799869;4.382891
4.786559;4.385514
4.771280;4.388633
4.756777;4.391294
4.743228;4.393625
4.728979;4.396568
4.712632;4.400019
4.696822;4.400838
4.682597;4.403432
4.664613;4.405304
4.649201;4.408442
4.635272;4.411626
4.618509;4.416670
4.603147;4.418819
4.582227;4.417902
4.563688;4.421613
4.546679;4.424943
4.529488;4.426903
4.511536;4.431534
4.489247;4.434513
4.470719;4.437312
4.450890;4.441117
4.428928;4.445121
4.407783;4.449223
4.384074;4.452632
4.360188;4.456492
4.336238;4.460674
4.309912;4.463258
4.284342;4.469232
4.256686;4.471580
4.229384;4.477145
4.198818;4.481176
4.166540;4.488309
5.000000;5.000000
5.000000;5.000000
3.100345;3.967219
3.136593;4.040895
3.125488;4.088220
3.141260;4.146693
3.109802;4.184155
3.114049;4.234865
3.118285;4.286344
3.096964;4.327099
2.992522;4.339806
2.874078;4.351100
2.767993;4.371710
2.766368;4.426829
2.770436;4.480664
2.774429;4.534413
2.796547;4.591497
2.799248;4.641565
2.791702;4.691448
2.817246;4.745855
2.811616;4.794627
2.825146;4.846699
2.847486;4.896529
2.863659;4.946941
2.860008;4.994050
2.860909;5.041842
3.378989;5.075118
3.355827;5.112251
3.363597;5.147085
3.375206;5.182395
3.256170;5.232415
3.170733;5.284444
3.135640;5.332342
2.626474;5.470705
5.000000;5.000000
2.571609;5.596170
2.582340;5.651870
2.584691;5.708216
2.597739;5.764582
2.686587;5.794378
2.680490;5.853338
2.689748;5.909276
2.714875;5.960420
2.730900;6.013120
3.809670;5.576872
3.914411;5.559417
3.991498;5.550045
4.060008;5.543386
4.118207;5.539039
4.193452;5.520654
4.196794;5.542945
4.203753;5.563984
4.206419;5.590212
4.210749;5.614478
4.215645;5.638686
4.218120;5.666648
4.221626;5.693874
4.222288;5.722458
4.229115;5.749600
4.232531;5.779633
4.235978;5.810376
4.242937;5.841593
4.246108;5.876346
4.253022;5.907000
4.254384;5.945661
4.262988;5.981303
4.267469;6.022108
4.270175;6.065517
4.278536;6.104794
4.286369;6.149496
4.292534;6.195621
4.297508;6.248711
4.306532;6.300684
4.330688;6.323370
5.000000;5.000000
5.000000;5.000000
5.000000;5.000000
5.000000;5.000000
5.000000;5.000000
4.180418;7.319988
4.179698;7.494327
4.240339;7.499092
4.338248;7.368283
4.409924;7.312400
4.452472;7.361866
4.301477;8.302689
4.385621;8.259860
4.489953;8.288430
4.705985;7.281130
5.000000;5.000000
4.860452;6.754208
4.901936;6.717202
4.939754;6.749713
4.979760;6.675378
