5.007577;6.646482
5.044118;6.619899
5.082545;6.626156
5.119304;6.630140
5.155194;6.635152
5.192353;6.632960
5.232211;6.649233
5.271932;6.658606
5.307395;6.644009
5.347858;6.652535
5.399581;6.711730
5.465123;6.813296
5.000000;5.000000
5.000000;5.000000
5.000000;5.000000
5.000000;5.000000
5.000000;5.000000
5.000000;5.000000
5.000000;5.000000
5.000000;5.000000
5.000000;5.000000
5.000000;5.000000
5.000000;5.000000
6.190821;7.091792
6.231027;7.052952
5.000000;5.000000
5.000000;5.000000
5.000000;5.000000
5.000000;5.000000
5.000000;5.000000
5.000000;5.000000
5.000000;5.000000
5.000000;5.000000
5.000000;5.000000
5.000000;5.000000
6.134707;6.117005
6.123818;6.055474
6.106364;5.994665
6.096858;5.939938
6.095852;5.896358
6.091465;5.851788
6.080380;5.804480
6.075866;5.764365
6.076740;5.727997
6.068867;5.686800
6.062718;5.648099
6.055219;5.610806
6.052717;5.577569
6.045458;5.543948
6.045602;5.513185
6.038707;5.480590
6.029932;5.448879
6.027430;5.418782
6.023374;5.390931
6.021725;5.364364
6.017439;5.335251
6.012331;5.309208
6.012164;5.284915
5.000000;5.000000
6.228157;5.290300
5.000000;5.000000
5.000000;5.000000
5.000000;5.000000
5.000000;5.000000
5.000000;5.000000
5.000000;5.000000
5.000000;5.000000
5.000000;5.000000
7.583241;5.108045
7.565042;5.048452
7.582989;4.992323
7.568389;4.933500
7.563801;4.877005
7.550782;4.818235
7.531219;4.763432
7.528836;4.707034
7.512299;4.650445
7.505097;4.594215
7.492459;4.538907
7.501947;4.478349
7.493080;4.421803
5.000000;5.000000
5.000000;5.000000
6.489937;4.535211
6.287143;4.563945
6.115373;4.590266
5.991462;4.607030
5.933387;4.605070
5.947110;4.574622
5.929358;4.556515
5.917257;4.536417
5.907753;4.516473
5.906819;4.489275
5.904585;4.463924
5.903375;4.438325
5.899048;4.413386
5.895268;4.386156
5.893051;4.359055
5.886334;4.331785
5.880798;4.304155
5.876996;4.275188
5.874348;4.244173
5.871937;4.212003
5.868246;4.181103
5.864333;4.147519
5.857177;4.115435
5.859643;4.072651
5.853269;4.039858
5.844471;4.004738
5.842979;3.961914
5.833990;3.926044
5.827463;3.882505
5.818372;3.844132
5.000000;5.000000
5.000000;5.000000
6.332191;2.854148
5.000000;5.000000
5.000000;5.000000
6.123275;2.881921
6.062288;2.882524
5.860677;3.173915
5.826324;3.143055
5.868940;2.928086
5.812604;2.935949
5.754260;2.943720
5.703654;2.945667
5.669705;2.892341
5.649550;2.785549
5.642401;2.618367
5.000000;5.000000
5.598177;2.326604
5.000000;5.000000
5.000000;5.000000
5.000000;5.000000
5.000000;5.000000
5.000000;5.000000
5.000000;5.000000
5.000000;5.000000
5.159762;1.249151
5.000000;5.000000
4.989957;1.258763
5.000000;5.000000
4.948725;4.343499
4.933902;4.350605
4.916312;4.330460
4.904387;4.348984
4.891497;4.364192
4.876776;4.366880
4.862000;4.369936
4.848211;4.371314
4.834494;4.374010
4.819629;4.377349
4.804683;4.381612
4.791518;4.384605
4.777610;4.387366
4.762267;4.388593
4.747987;4.391091
4.730816;4.394925
4.716431;4.396556
4.700796;4.398564
4.684832;4.402531
4.671024;4.404589
4.652395;4.406850
4.638414;4.410276
4.619803;4.411654
4.603950;4.416156
4.587307;4.417350
4.570206;4.421418
4.550431;4.423589
4.533241;4.425773
4.514052;4.428725
4.494941;4.433434
4.475582;4.434822
4.453507;4.439604
4.432523;4.440732
4.411138;4.444180
4.387257;4.447950
4.364102;4.451152
4.340430;4.455948
4.316072;4.461068
4.292335;4.466060
4.264761;4.471889
4.234268;4.474865
4.204144;4.479411
4.173254;4.485530
5.000000;5.000000
5.000000;5.000000
5.000000;5.000000
5.000000;5.000000
3.120356;4.070297
3.116515;4.122180
3.126211;4.177775
3.102679;4.216447
3.106912;4.268504
3.096688;4.313009
3.007775;4.332736
2.921391;4.353759
2.807199;4.371841
2.794758;4.421929
2.797473;4.474926
2.813509;4.532076
2.816247;4.582793
2.818850;4.634876
2.822524;4.684253
2.826036;4.735464
2.830310;4.785674
2.838901;4.836838
2.845770;4.885887
2.852255;4.934293
2.868313;4.983650
2.876987;5.031755
3.389901;5.067188
5.000000;5.000000
3.370558;5.140634
3.387876;5.176435
3.279081;5.224494
3.194187;5.277429
3.149345;5.325141
2.660901;5.459217
5.000000;5.000000
2.573831;5.589463
2.596484;5.641880
2.581657;5.704072
2.591093;5.759328
2.687444;5.788388
2.703518;5.840620
2.711512;5.897671
2.722495;5.952083
2.730623;6.008811
5.000000;5.000000
3.894372;5.567464
3.985111;5.551384
4.053575;5.543237
5.000000;5.000000
4.185416;5.521097
4.200734;5.537162
4.201975;5.563636
4.205554;5.587786
4.206575;5.613584
4.211357;5.638163
4.216843;5.664761
4.220671;5.692048
4.223977;5.718398
4.224379;5.752616
4.230031;5.779626
4.235511;5.809936
4.241331;5.839809
4.246402;5.873630
4.249676;5.907156
4.254848;5.945072
4.258229;5.984293
4.262450;6.026199
4.268462;6.064949
4.274405;6.109262
4.286214;6.147044
4.292344;6.194636
4.299847;6.243716
4.305613;6.298209
5.000000;5.000000
5.000000;5.000000
5.000000;5.000000
5.000000;5.000000
5.000000;5.000000
5.000000;5.000000
5.000000;5.000000
4.179918;7.491241
4.237939;7.506985
4.336643;7.381072
4.406082;7.330254
5.000000;5.000000
4.299792;8.315365
4.374761;8.326246
4.471144;8.274822
4.697869;7.252074
5.000000;5.000000
4.849233;6.750771
4.892196;6.706598
4.930262;6.735099
4.970041;6.661980
