5.007670;6.666732
5.044839;6.646389
5.081479;6.642480
5.119977;6.652400
5.157384;6.663321
5.195859;6.659986
5.236219;6.677702
5.273678;6.675293
5.310776;6.664741
5.348813;6.668172
5.400835;6.726069
5.000000;5.000000
5.000000;5.000000
5.727334;7.428679
5.000000;5.000000
5.752942;7.152352
5.808447;7.152165
5.856523;7.133488
5.899705;7.107216
5.000000;5.000000
5.995461;7.065649
6.157484;7.276652
6.154744;7.149457
6.190246;7.098732
6.206267;7.019114
6.812126;7.903985
6.914765;7.922321
5.000000;5.000000
10.294778;12.389352
10.403535;12.191719
10.209458;11.616252
10.155694;11.247953
10.148472;10.959262
10.136310;10.683449
10.127704;10.422112
5.000000;5.000000
6.125736;6.060733
6.110943;5.997049
6.103692;5.945794
6.094240;5.897142
6.092797;5.853333
6.083894;5.808551
6.081810;5.767652
6.073837;5.726935
6.066343;5.685179
6.060184;5.646973
6.057896;5.613168
6.050294;5.578863
6.047676;5.545102
6.040203;5.512269
6.035028;5.479611
6.031377;5.450568
6.026423;5.421244
6.024255;5.393520
6.018175;5.364639
6.014474;5.335461
6.009584;5.309639
6.013121;5.286128
5.000000;5.000000
5.000000;5.000000
5.000000;5.000000
5.000000;5.000000
5.000000;5.000000
5.000000;5.000000
5.000000;5.000000
5.000000;5.000000
5.000000;5.000000
5.000000;5.000000
7.601507;5.108059
7.589514;5.050156
7.570485;4.991128
7.560623;4.932964
7.557024;4.876593
7.552330;4.818862
7.546017;4.760572
7.534904;4.705099
7.550116;4.644685
7.529529;4.590258
7.516773;4.532911
7.508404;4.476249
7.496399;4.419519
7.176136;4.439137
6.794011;4.489429
6.489354;4.535862
6.272226;4.568999
6.116899;4.590070
5.992505;4.606947
5.927911;4.605602
5.940146;4.577425
5.922533;4.558468
5.913689;4.537670
5.909842;4.514016
5.906267;4.490844
5.904505;4.465260
5.897105;4.440553
5.894244;4.415175
5.893325;4.386858
5.889675;4.359926
5.884161;4.332226
5.885650;4.301424
5.876202;4.276975
5.873268;4.245983
5.874912;4.210076
5.866844;4.182896
5.861952;4.149377
5.857587;4.116877
5.849691;4.082858
5.848899;4.043668
5.844520;4.006420
5.839039;3.966765
5.833313;3.923937
5.829148;3.881575
5.819217;3.841055
5.000000;5.000000
5.000000;5.000000
6.334011;2.853513
5.000000;5.000000
5.000000;5.000000
6.127400;2.875619
6.060363;2.889390
5.864833;3.165095
5.851183;3.085709
5.873058;2.914903
5.807171;2.941067
5.755999;2.935305
5.699605;2.948511
5.667399;2.887676
5.658741;2.749425
5.639470;2.621979
5.618635;2.478016
5.592822;2.322851
5.564835;2.160381
5.773276;0.678895
5.872030;-0.551933
5.000000;5.000000
5.614342;-0.525201
5.485213;-0.522977
5.242963;1.165439
5.155982;1.191943
5.068371;1.207116
4.981563;1.229295
4.896671;1.245672
4.947151;4.334846
4.931468;4.349601
4.915275;4.336638
4.901731;4.352919
4.889169;4.367385
4.875137;4.368475
4.860881;4.371462
4.846157;4.374903
4.832216;4.377723
4.817472;4.380584
4.803251;4.382854
4.788874;4.386301
4.775180;4.387454
4.759647;4.390693
4.745459;4.392415
4.730065;4.396356
4.716261;4.398294
4.700804;4.402751
4.685488;4.405294
4.670982;4.407470
4.652730;4.407813
4.637284;4.410971
4.620926;4.414501
4.603675;4.418156
4.587038;4.419687
4.569189;4.424671
4.550593;4.426636
4.533710;4.429262
4.513605;4.431078
4.495527;4.436598
4.473166;4.437757
4.454664;4.441969
4.432764;4.446199
4.411288;4.447303
4.385247;4.449440
4.363640;4.455526
4.342555;4.460449
4.313137;4.462376
4.289332;4.469227
4.260601;4.472547
4.231365;4.476010
4.204547;4.483369
4.170813;4.487093
5.000000;5.000000
5.000000;5.000000
3.106514;3.963742
3.113800;4.021832
3.151083;4.095623
3.122719;4.133164
3.099698;4.173518
3.096448;4.222405
3.112995;4.279159
3.083785;4.317888
2.988534;4.335929
2.894895;4.355689
2.766130;4.369105
2.768393;4.425981
2.771959;4.478541
2.794026;4.537189
2.793833;4.589682
2.805246;4.643622
2.822069;4.696329
2.828796;4.748254
2.826301;4.796005
2.826980;4.845572
2.848954;4.897220
2.862456;4.945065
2.861005;4.995283
2.858922;5.042497
3.371769;5.075922
3.339703;5.114631
3.354633;5.147891
3.373554;5.183369
3.254998;5.233082
3.166369;5.287284
3.129337;5.334021
2.621196;5.473648
2.627793;5.529115
2.566127;5.599001
2.579283;5.654935
2.561183;5.718665
2.597630;5.765885
2.681607;5.797579
2.686116;5.856309
2.706112;5.907156
2.705110;5.968151
2.705865;6.028785
3.816800;5.574959
3.917889;5.559070
4.002326;5.545878
4.070668;5.539842
4.121334;5.538401
4.194912;5.522450
4.197473;5.544394
4.204347;5.566547
4.208467;5.591286
4.210511;5.617830
4.215815;5.642056
4.217688;5.669222
4.220894;5.696808
4.227028;5.723875
4.230130;5.752789
4.233103;5.783697
4.239330;5.815234
4.245094;5.845206
4.248993;5.880136
4.253077;5.915127
4.259101;5.950313
4.262468;5.988097
4.269205;6.026113
4.272046;6.072240
4.277391;6.113297
4.287923;6.153398
4.292440;6.203402
4.300247;6.252539
4.304904;6.313124
5.000000;5.000000
5.000000;5.000000
5.000000;5.000000
5.000000;5.000000
5.000000;5.000000
4.150611;7.265773
4.154733;7.414044
4.180177;7.520524
4.221444;7.591580
4.350204;7.363037
4.421530;7.306568
5.000000;5.000000
4.317203;8.304955
4.398048;8.287342
4.471959;8.263811
4.691170;7.277153
4.747472;7.247608
4.845599;6.775047
4.891393;6.719323
4.928257;6.739271
4.969141;6.684968
