5.011371;6.670461
5.048499;6.647286
5.085846;6.647515
5.123553;6.644866
5.162085;6.660357
5.200684;6.665201
5.238425;6.673602
5.277812;6.674359
5.315050;6.667244
5.352926;6.665518
5.407565;6.739902
5.000000;5.000000
5.680099;7.447516
5.739640;7.445861
5.802478;7.454392
5.754902;7.133641
5.816199;7.154584
5.864163;7.137687
5.909240;7.110471
5.957163;7.089723
6.011571;7.084240
6.138604;7.223136
6.155216;7.132159
6.202057;7.104955
6.214066;7.019395
6.824618;7.904127
6.924529;7.920093
5.000000;5.000000
10.306334;12.359185
10.425894;12.172671
10.182700;11.538305
10.142756;11.198304
10.116468;10.886761
10.140771;10.653421
10.158962;10.421749
6.124709;6.102924
6.113195;6.040486
6.111191;5.991899
6.102151;5.939901
6.097091;5.892466
6.090786;5.846556
6.088223;5.804819
6.079373;5.761574
6.073919;5.721897
6.070046;5.682640
6.062064;5.645328
6.056646;5.609335
6.051959;5.574270
6.048365;5.542144
6.041564;5.508356
6.034177;5.476089
6.028268;5.445809
6.023151;5.416695
6.025476;5.388920
6.021285;5.361120
6.017414;5.333729
6.008527;5.306250
6.010382;5.282011
5.000000;5.000000
5.000000;5.000000
5.000000;5.000000
5.000000;5.000000
5.000000;5.000000
5.000000;5.000000
5.000000;5.000000
5.000000;5.000000
7.403155;5.200450
7.448163;5.149935
7.600269;5.101516
7.585140;5.043129
7.579704;4.984665
7.563453;4.926741
7.558456;4.870131
7.549876;4.812647
7.547652;4.754010
7.537885;4.698339
7.552544;4.638607
7.523980;4.584200
7.533673;4.523993
7.504645;4.470515
7.503145;4.412129
7.136882;4.443132
6.739487;4.498811
6.463407;4.539172
6.257445;4.569028
6.104267;4.591941
5.972536;4.610859
5.930446;4.603261
5.938659;4.574735
5.924435;4.557230
5.913156;4.536619
5.909348;4.512036
5.907649;4.486168
5.902911;4.462574
5.901660;4.436992
5.899677;4.408415
5.893765;4.384410
5.889256;4.357635
5.887244;4.328427
5.887266;4.298630
5.877510;4.273063
5.870980;4.243722
5.872376;4.207647
5.863523;4.179750
5.860416;4.145339
5.856020;4.111188
5.848433;4.080333
5.847046;4.040024
5.841922;4.002908
5.834568;3.965398
5.832169;3.921789
5.825149;3.878001
5.818961;3.835980
5.000000;5.000000
5.000000;5.000000
6.328451;2.846835
5.000000;5.000000
5.000000;5.000000
6.119042;2.873182
6.050850;2.892736
5.855793;3.175210
5.877916;3.016886
5.870451;2.913272
5.804043;2.940917
5.749288;2.945096
5.697763;2.946827
5.671221;2.871318
5.656238;2.741925
5.642765;2.595944
5.613058;2.486175
5.593318;2.314511
5.562123;2.162647
5.778149;0.622626
5.865642;-0.552933
5.000000;5.000000
5.608022;-0.521373
5.478239;-0.461602
5.240974;1.150034
5.153791;1.191854
5.066698;1.198835
4.981434;1.203045
4.895890;1.256447
4.946459;4.337409
4.933038;4.348935
4.914734;4.335448
4.901169;4.350476
4.889533;4.367321
4.874641;4.368829
4.861008;4.371178
4.846337;4.374859
4.833231;4.377450
4.818660;4.380235
4.805059;4.382804
4.790692;4.384886
4.774531;4.388226
4.761628;4.389378
4.745459;4.392415
4.731716;4.395073
4.717454;4.398285
4.701778;4.402265
4.687085;4.404452
4.668549;4.405104
4.654282;4.408642
4.638263;4.410663
4.621305;4.413363
4.603867;4.417118
4.588820;4.421488
4.571084;4.422946
4.552783;4.425243
4.534202;4.428860
4.514696;4.430147
4.495789;4.435694
4.476340;4.436506
4.455895;4.440768
4.435906;4.444067
4.412782;4.447539
4.389459;4.449615
4.366235;4.455955
4.344866;4.459607
4.317793;4.464541
4.292864;4.468266
4.264304;4.471240
4.235093;4.475430
4.207998;4.481281
5.000000;5.000000
4.175247;4.486112
5.000000;5.000000
3.105085;3.954919
3.113454;4.013836
3.148328;4.084795
3.134869;4.130735
3.138802;4.183300
3.094220;4.214664
3.106002;4.268778
3.105389;4.316149
3.003419;4.329999
2.910462;4.351020
2.781368;4.363060
2.771636;4.414498
2.776073;4.469824
2.790814;4.523453
2.791197;4.576690
2.805254;4.631302
2.810648;4.682530
2.827009;4.733679
2.830559;4.785699
2.823868;4.833395
2.839595;4.884313
2.852043;4.933050
2.855087;4.980669
2.858698;5.029154
3.378085;5.065812
3.312542;5.105458
3.350981;5.140572
3.369211;5.173574
3.294418;5.218337
3.192277;5.271517
3.129817;5.322291
2.685437;5.446570
2.596239;5.518278
2.571791;5.582075
2.583343;5.636214
2.577773;5.695138
2.566911;5.758240
2.674261;5.782195
2.683224;5.837485
2.692483;5.892904
2.708926;5.947450
2.706572;6.008199
5.000000;5.000000
3.885550;5.563916
3.971757;5.551383
4.042565;5.546145
4.099611;5.542610
4.184926;5.518003
4.193317;5.539567
4.205366;5.557595
4.207872;5.582085
4.209186;5.608783
4.213711;5.633518
4.218695;5.658434
4.220319;5.686367
4.225610;5.714271
4.228375;5.743443
4.232247;5.770555
4.237005;5.801707
4.241184;5.835291
4.248718;5.864723
4.249775;5.901391
4.255740;5.936531
4.261265;5.972483
4.267430;6.008825
4.270023;6.052052
4.275784;6.096107
4.282754;6.138684
4.292775;6.181217
4.298740;6.230734
4.305588;6.283718
4.315016;6.333341
5.000000;5.000000
5.000000;5.000000
5.000000;5.000000
5.000000;5.000000
5.000000;5.000000
4.160976;7.328712
4.155965;7.510410
4.223494;7.493385
4.261083;7.576642
4.387299;7.341928
4.442707;7.343652
4.273880;8.330514
4.360765;8.292775
4.437720;8.287258
4.478366;8.275980
4.696584;7.279899
4.752230;7.255934
4.851665;6.755996
4.895724;6.718840
4.930884;6.757391
4.974188;6.682552
