5.022602;6.660096
5.059847;6.637657
5.097134;6.640126
5.134416;6.645770
5.173915;6.676755
5.210082;6.656229
5.249442;6.669468
5.288977;6.673990
5.326166;6.673257
5.366554;6.677417
5.420631;6.742191
5.000000;5.000000
5.693711;7.434856
5.000000;5.000000
5.814329;7.434411
5.000000;5.000000
5.826805;7.140356
5.876790;7.127132
5.931015;7.122267
5.975835;7.094316
6.113317;7.257948
6.154059;7.212897
6.162230;7.109239
6.222477;7.108202
6.258846;7.063297
6.866356;7.928009
6.975525;7.949843
5.000000;5.000000
10.315761;12.258698
10.393869;12.021990
10.234589;11.504541
10.208999;11.177444
10.142443;10.825791
10.162495;10.588408
10.054258;10.228775
6.117417;6.077432
6.115952;6.028327
6.107595;5.974093
6.098930;5.921254
6.095260;5.877621
6.089062;5.831582
6.080436;5.784571
6.076736;5.745271
6.074536;5.708336
6.064621;5.666893
6.061061;5.632937
6.055920;5.597503
6.051206;5.563048
6.047408;5.529741
6.038702;5.497621
6.032913;5.464986
6.031322;5.436135
6.026829;5.406190
6.023779;5.377759
6.012273;5.348245
6.012033;5.322747
6.010583;5.296743
6.013449;5.273672
6.206725;5.300179
6.191422;5.268263
5.000000;5.000000
5.000000;5.000000
5.000000;5.000000
5.000000;5.000000
5.000000;5.000000
5.000000;5.000000
5.000000;5.000000
7.600670;5.136512
7.597058;5.078705
7.590930;5.019127
7.567702;4.960855
7.560441;4.903727
7.568338;4.845177
7.550475;4.788247
7.562512;4.729493
7.539929;4.674114
7.533142;4.616546
7.533788;4.556842
7.505743;4.504573
7.495516;4.448403
7.490721;4.389287
6.951356;4.469241
6.621054;4.516055
6.366684;4.555184
6.188349;4.578910
6.044786;4.599970
5.937195;4.614850
5.925839;4.595114
5.926871;4.569427
5.918108;4.547640
5.909412;4.526060
5.909127;4.501664
5.903630;4.477634
5.900977;4.451604
5.895828;4.427294
5.896132;4.398112
5.891913;4.372994
5.888339;4.345772
5.885184;4.316675
5.878818;4.288868
5.871250;4.262474
5.870059;4.229023
5.869721;4.194397
5.864557;4.162051
5.855373;4.132901
5.849344;4.099645
5.849269;4.060445
5.847268;4.020632
5.840685;3.982007
5.834179;3.944931
5.828796;3.902857
5.826231;3.854357
5.815337;3.813060
5.000000;5.000000
5.000000;5.000000
6.300019;2.843259
5.000000;5.000000
6.132263;2.908292
6.079887;2.892007
5.960712;3.012795
5.833657;3.165541
5.899715;2.906115
5.832047;2.937778
5.775784;2.940787
5.723295;2.941897
5.679358;2.915407
5.663288;2.807379
5.650587;2.666496
5.622826;2.550440
5.604420;2.389303
5.580666;2.212334
5.799660;0.750332
5.718427;0.649419
5.627267;0.590896
5.000000;5.000000
5.534703;-0.488264
5.273464;1.238678
5.190518;1.189009
5.105518;1.179457
5.019914;1.223552
4.934987;1.212058
4.952116;4.335222
4.938559;4.344624
4.923111;4.347263
4.908471;4.352184
4.895262;4.360014
4.881639;4.367988
4.866293;4.370800
4.853963;4.372777
4.839334;4.376622
4.824797;4.378732
4.811355;4.381112
4.797130;4.383523
4.782557;4.386919
4.767330;4.390393
4.753709;4.392259
4.736039;4.393719
4.722785;4.396911
4.706419;4.400528
4.692292;4.402870
4.676949;4.406471
4.659812;4.408903
4.644836;4.409885
4.628648;4.412824
4.610355;4.415764
4.593869;4.420983
4.577220;4.423388
4.559761;4.424596
4.541674;4.427002
4.520880;4.430808
4.503196;4.432480
4.483728;4.436492
4.463511;4.440711
4.441643;4.444314
4.420580;4.448029
4.396172;4.448171
4.373485;4.452929
4.350321;4.456951
4.325615;4.461107
4.298822;4.466192
4.271298;4.470524
4.244133;4.475534
4.213639;4.480439
4.184087;4.485190
4.145088;4.485578
5.000000;5.000000
5.000000;5.000000
3.115403;4.001009
3.115264;4.056959
3.125352;4.113358
3.138020;4.172077
3.095693;4.201997
3.102811;4.255608
3.107887;4.307810
3.027348;4.327913
2.941262;4.348880
2.804665;4.358113
2.772353;4.403028
2.771561;4.456541
2.793286;4.514457
2.791572;4.566876
2.800924;4.619510
2.818191;4.672510
2.827224;4.725879
2.829600;4.775303
2.827763;4.825311
2.840875;4.874830
2.840823;4.924411
2.853662;4.973659
2.858615;5.022173
2.862603;5.068672
5.000000;5.000000
3.353732;5.134457
3.369200;5.168675
3.319429;5.210878
3.197738;5.265751
3.135705;5.316678
2.690470;5.439630
2.581069;5.516697
2.558804;5.578263
2.578317;5.631830
2.568270;5.692821
2.574059;5.750912
2.669907;5.779434
2.685626;5.832354
2.697585;5.887379
2.689353;5.951138
2.711862;6.002212
5.000000;5.000000
3.880642;5.566400
3.969581;5.551025
4.037097;5.548163
4.098825;5.541789
4.185236;5.518025
4.193370;5.539196
4.204254;5.556443
4.206688;5.581316
4.209512;5.607567
4.211996;5.633780
4.219456;5.658561
4.220685;5.685647
4.225747;5.714419
4.228161;5.743220
4.233726;5.772026
4.238100;5.802403
4.241737;5.836131
4.248390;5.865100
4.249909;5.904752
4.255117;5.937314
4.262549;5.974084
4.267573;6.009238
4.268692;6.057213
4.276115;6.098123
4.283813;6.141122
4.292469;6.184820
4.299744;6.234468
4.300995;6.294877
4.314387;6.340884
5.000000;5.000000
5.000000;5.000000
5.000000;5.000000
5.000000;5.000000
5.000000;5.000000
4.161762;7.344135
4.158918;7.524843
4.221410;7.526502
4.316511;7.415668
4.394142;7.339576
4.448875;7.348706
4.294819;8.295138
4.375078;8.286362
4.498981;8.277931
4.712243;7.270337
4.765883;7.250857
4.862728;6.761910
4.905586;6.719911
4.942540;6.767316
4.983858;6.683672
