5.016587;6.647666
5.052536;6.620649
5.090865;6.623960
5.127465;6.619993
5.165280;6.633158
5.200743;6.631446
5.240710;6.647761
5.279292;6.658650
5.319160;6.659335
5.354878;6.652064
5.407570;6.710360
5.477283;6.833652
5.000000;5.000000
5.000000;5.000000
5.000000;5.000000
5.000000;5.000000
5.818234;7.142577
5.000000;5.000000
5.000000;5.000000
5.000000;5.000000
5.000000;5.000000
6.127704;7.183763
6.151793;7.113248
6.204916;7.096402
6.232163;7.037092
5.000000;5.000000
5.000000;5.000000
5.000000;5.000000
5.000000;5.000000
5.000000;5.000000
5.000000;5.000000
5.000000;5.000000
5.000000;5.000000
5.000000;5.000000
5.000000;5.000000
6.117420;6.089281
6.117250;6.039070
6.100387;5.978470
6.094655;5.928264
6.096008;5.887054
6.089529;5.841237
6.084281;5.798371
6.077367;5.756606
6.075922;5.718908
6.072166;5.680239
6.064833;5.642685
6.057151;5.605446
6.055418;5.571570
6.048280;5.537395
6.042779;5.505858
6.038134;5.473455
6.031655;5.443640
6.024741;5.412768
6.025026;5.385157
6.017095;5.356460
6.014058;5.329509
6.013328;5.305057
5.000000;5.000000
5.000000;5.000000
6.230153;5.286168
5.000000;5.000000
5.000000;5.000000
5.000000;5.000000
5.000000;5.000000
5.000000;5.000000
5.000000;5.000000
5.000000;5.000000
5.000000;5.000000
7.583721;5.095908
7.581469;5.038117
7.571671;4.979782
7.552813;4.922146
7.563957;4.865169
7.550565;4.808417
7.528587;4.751690
7.528278;4.693825
7.500868;4.641030
7.513687;4.580201
7.499507;4.524951
7.497910;4.467684
7.488147;4.410615
5.000000;5.000000
6.719697;4.502369
6.431410;4.545776
6.242086;4.572028
6.084117;4.594418
5.958688;4.613945
5.931904;4.599044
5.931478;4.574647
5.928422;4.552253
5.914845;4.531674
5.908853;4.508480
5.908697;4.483963
5.902486;4.459424
5.900812;4.432346
5.894996;4.407676
5.891576;4.381244
5.889476;4.352402
5.885836;4.325745
5.880512;4.297361
5.879551;4.266524
5.875747;4.236632
5.869008;4.207660
5.863846;4.177550
5.860369;4.142102
5.857764;4.108009
5.855506;4.067477
5.847764;4.033996
5.843132;3.996410
5.838377;3.956589
5.827944;3.920431
5.826747;3.872661
5.818587;3.829610
5.000000;5.000000
5.000000;5.000000
6.308134;2.869264
5.000000;5.000000
5.000000;5.000000
6.104640;2.890751
6.043212;2.893407
5.848570;3.177905
5.907073;2.938757
5.851402;2.938388
5.797249;2.942029
5.744451;2.939351
5.683522;2.963127
5.663275;2.868043
5.649440;2.745163
5.634488;2.592712
5.000000;5.000000
5.000000;5.000000
5.000000;5.000000
5.000000;5.000000
5.000000;5.000000
5.000000;5.000000
5.000000;5.000000
5.000000;5.000000
5.000000;5.000000
5.000000;5.000000
5.000000;5.000000
4.970639;1.265365
4.885658;1.250743
4.944090;4.344129
4.930732;4.347416
4.914135;4.347627
4.901844;4.353661
4.886280;4.362057
4.872386;4.368260
4.859277;4.370794
4.844116;4.371802
4.830766;4.374489
4.816803;4.377653
4.801282;4.383222
4.786843;4.384622
4.773570;4.387248
4.759364;4.389461
4.744275;4.392369
4.728395;4.395734
4.713550;4.397642
4.696883;4.400247
4.682416;4.402678
4.666440;4.406284
4.650038;4.407657
4.633976;4.412432
4.616014;4.413224
4.601881;4.417564
4.581644;4.417090
4.565448;4.420602
4.546548;4.422502
4.529957;4.427811
4.510284;4.431292
4.489609;4.432840
4.471404;4.438040
4.449502;4.440027
4.426432;4.440876
4.407743;4.447065
4.383455;4.451447
4.359739;4.455476
4.336692;4.458929
4.306910;4.460603
4.283950;4.467663
4.254294;4.471062
4.227880;4.475800
4.195711;4.478616
4.167244;4.486210
5.000000;5.000000
5.000000;5.000000
5.000000;5.000000
3.124034;4.033066
3.139012;4.094136
3.113109;4.133112
3.100398;4.179447
3.099001;4.229397
3.095958;4.276832
3.073956;4.317924
2.986775;4.337275
2.898153;4.360431
2.785024;4.378566
2.793056;4.435482
2.806275;4.491008
2.809298;4.544776
2.813391;4.595271
2.818558;4.649003
2.821007;4.698524
2.838017;4.751214
2.829074;4.798575
2.839451;4.849998
2.854149;4.898499
2.872366;4.948790
2.870001;4.997550
2.864729;5.045249
3.389830;5.076782
3.347683;5.114080
3.371279;5.148756
3.388758;5.184315
3.253218;5.236730
3.175069;5.287893
3.135789;5.336005
2.626782;5.476085
5.000000;5.000000
2.574769;5.599587
2.572548;5.658756
2.584580;5.714036
2.596591;5.770026
2.689539;5.797577
2.691298;5.855902
2.698502;5.913740
2.727775;5.961413
2.737081;6.017133
5.000000;5.000000
3.917423;5.560889
3.998834;5.549911
4.066777;5.542102
5.000000;5.000000
4.192186;5.524219
4.196452;5.547339
4.204008;5.567364
4.205575;5.594516
4.206592;5.620529
4.215403;5.643525
4.219726;5.669295
4.221496;5.697480
4.226264;5.723059
4.227354;5.757100
4.233954;5.784179
4.238281;5.813227
4.244627;5.843447
4.245609;5.881189
4.251549;5.916461
4.256493;5.952717
4.261127;5.987719
4.266391;6.029020
4.272667;6.069337
4.277343;6.112669
4.284665;6.155204
4.294433;6.200803
4.303181;6.246446
4.311454;6.300751
5.000000;5.000000
5.000000;5.000000
5.000000;5.000000
5.000000;5.000000
5.000000;5.000000
5.000000;5.000000
5.000000;5.000000
4.187811;7.494615
5.000000;5.000000
4.348232;7.362234
4.416665;7.325967
5.000000;5.000000
4.310756;8.316895
4.391865;8.299678
5.000000;5.000000
5.000000;5.000000
5.000000;5.000000
4.859186;6.740563
4.901105;6.705886
4.937494;6.747132
4.979927;6.661629
