5.000320;6.669500
5.037629;6.648821
5.075411;6.637515
5.111035;6.640246
5.150098;6.659225
5.189372;6.671054
5.227662;6.673839
5.266708;6.669835
5.305589;6.669767
5.341402;6.669449
5.388046;6.702076
5.438242;6.739649
5.000000;5.000000
5.712619;7.410625
5.000000;5.000000
5.000000;5.000000
5.797269;7.144866
5.847254;7.130461
5.897654;7.118140
5.971642;7.157283
5.995682;7.081905
6.150016;7.277074
6.175457;7.202172
6.182633;7.097006
6.218409;7.050585
5.000000;5.000000
6.904881;7.923106
5.000000;5.000000
10.283161;12.412096
10.386490;12.206368
10.229248;11.671600
10.281289;11.432754
10.148920;10.989898
10.134769;10.703691
10.152762;10.471682
5.000000;5.000000
6.127729;6.064449
6.110682;6.001825
6.103878;5.950182
6.098309;5.904005
6.088552;5.853889
6.085243;5.811340
6.082945;5.770802
6.073688;5.728937
6.068598;5.689526
6.060808;5.649309
6.057327;5.615142
6.050076;5.578743
6.047257;5.545905
6.043867;5.514447
6.035432;5.480522
6.032306;5.451563
6.027792;5.420540
6.025144;5.393298
6.021515;5.364952
6.015016;5.337800
6.011435;5.309571
6.009598;5.283880
6.047206;5.271185
5.000000;5.000000
5.000000;5.000000
5.000000;5.000000
5.000000;5.000000
5.000000;5.000000
5.000000;5.000000
5.000000;5.000000
5.000000;5.000000
5.000000;5.000000
7.600976;5.108787
7.596748;5.051044
7.564491;4.993116
7.566640;4.933545
7.551031;4.876882
7.551884;4.819632
7.545475;4.762838
7.543347;4.704117
7.551028;4.645804
7.528177;4.589731
7.515298;4.533185
7.502286;4.477527
7.498180;4.418348
7.169357;4.440884
6.779345;4.494524
6.484763;4.535418
6.263362;4.570110
6.113063;4.589781
5.982294;4.609683
5.928947;4.604846
5.942785;4.575369
5.922561;4.559106
5.913599;4.538045
5.911673;4.512139
5.908604;4.487351
5.901174;4.464544
5.901024;4.437389
5.894085;4.413564
5.893826;4.385379
5.888630;4.358477
5.884852;4.330238
5.885888;4.299305
5.875584;4.274658
5.872577;4.243655
5.875276;4.208986
5.865094;4.181407
5.859676;4.148853
5.857630;4.113438
5.847781;4.082452
5.847708;4.040943
5.843546;4.004282
5.837040;3.965788
5.832541;3.923656
5.828158;3.880220
5.818702;3.838243
5.000000;5.000000
5.000000;5.000000
6.331037;2.850491
5.000000;5.000000
5.000000;5.000000
6.123847;2.875434
6.054284;2.894452
5.856531;3.175004
5.865954;3.047954
5.870206;2.917233
5.804043;2.940917
5.751413;2.942944
5.698729;2.943987
5.667454;2.881140
5.656238;2.741925
5.641280;2.601499
5.615529;2.472882
5.593641;2.313047
5.560636;2.161588
5.773701;0.640372
5.864045;-0.553182
5.000000;5.000000
5.607389;-0.530245
5.475253;-0.481938
5.239105;1.162191
5.150999;1.188490
5.065958;1.178319
4.980368;1.208051
4.895890;1.256447
4.945656;4.336973
4.931551;4.348587
4.915751;4.337334
4.902786;4.352760
4.889628;4.366797
4.876263;4.368763
4.859803;4.371446
4.847176;4.374653
4.832580;4.377884
4.819205;4.380336
4.803978;4.382885
4.789852;4.385701
4.775795;4.387495
4.761101;4.389584
4.744275;4.392369
4.729878;4.396713
4.716449;4.399588
4.701320;4.402493
4.684582;4.406340
4.670520;4.407441
4.652656;4.408726
4.636138;4.410502
4.619220;4.413223
4.604044;4.419417
4.586114;4.420039
4.568858;4.424919
4.550593;4.426636
4.532978;4.431154
4.512026;4.431443
4.495455;4.435321
4.474263;4.437416
4.454105;4.443216
4.432846;4.444685
4.411311;4.447643
4.384135;4.449933
4.364248;4.455201
4.341483;4.461362
4.314122;4.463146
4.288979;4.469282
4.261718;4.472703
4.231377;4.476881
4.202572;4.482738
4.172204;4.486746
5.000000;5.000000
5.000000;5.000000
3.103523;3.961396
3.113766;4.021355
3.118186;4.076399
3.139947;4.139388
3.100773;4.173553
3.089594;4.220674
3.098466;4.272356
3.096739;4.322499
2.993982;4.335381
2.900356;4.354938
2.770346;4.367063
2.767395;4.421843
2.769245;4.475876
2.790360;4.531552
2.794504;4.586086
2.822530;4.641714
2.820763;4.691247
2.825111;4.743177
2.827323;4.793159
2.826986;4.842013
2.841945;4.892115
2.855818;4.940781
2.857277;4.989317
2.858344;5.038401
3.371106;5.072353
3.341699;5.110820
3.354478;5.146155
3.371125;5.181903
3.261307;5.231221
3.167220;5.284631
3.130472;5.333263
2.622305;5.471531
2.626050;5.524727
2.565125;5.597020
2.583047;5.649691
2.563579;5.714406
2.581592;5.767424
2.676434;5.796371
2.691068;5.850955
2.691551;5.909078
2.698281;5.967394
2.716584;6.020299
3.804271;5.579489
3.911582;5.560478
3.994930;5.549549
4.069173;5.539756
4.117670;5.539599
4.193702;5.521041
4.196380;5.543225
4.202487;5.565225
4.209893;5.586923
4.212369;5.612489
4.216319;5.639513
4.216785;5.667009
4.221066;5.694373
4.226185;5.720775
4.229442;5.751010
4.233578;5.780662
4.238156;5.812424
4.245575;5.840603
4.250880;5.874183
4.248565;5.914017
4.255699;5.948286
4.261710;5.987531
4.268057;6.022529
4.269888;6.068350
4.277704;6.111413
4.289533;6.145869
4.292636;6.201486
4.296845;6.256365
4.309357;6.300488
5.000000;5.000000
5.000000;5.000000
5.000000;5.000000
5.000000;5.000000
5.000000;5.000000
4.139598;7.287808
4.166254;7.376756
4.174746;7.529798
4.229887;7.551043
4.345674;7.366196
4.414109;7.327645
5.000000;5.000000
4.307549;8.319547
4.391200;8.289132
4.454485;8.270314
4.686362;7.244695
4.734110;7.255381
4.838169;6.775640
4.881917;6.734485
4.920494;6.733678
4.961227;6.691806
