5.023721;6.649330
5.061640;6.639341
5.098242;6.637556
5.135260;6.644447
5.174860;6.664088
5.211923;6.659271
5.249290;6.661907
5.286860;6.658880
5.325785;6.668746
5.367461;6.681569
5.419249;6.729922
5.496481;6.875654
5.694632;7.432774
5.000000;5.000000
5.814112;7.437646
5.000000;5.000000
5.831220;7.151783
5.882857;7.143019
5.929910;7.119749
5.975971;7.096182
6.114215;7.261408
6.156748;7.222208
6.169769;7.126778
6.226401;7.117775
6.252596;7.053053
5.000000;5.000000
6.986142;7.974322
5.000000;5.000000
5.000000;5.000000
5.000000;5.000000
5.000000;5.000000
5.000000;5.000000
5.000000;5.000000
5.000000;5.000000
5.000000;5.000000
6.123566;6.086899
6.117750;6.031172
6.112287;5.980871
6.105806;5.929006
6.095145;5.878563
6.090170;5.834249
6.083171;5.789734
6.079422;5.749735
6.071100;5.709908
6.067572;5.671596
6.061831;5.634087
6.056572;5.597872
6.050727;5.564997
6.047658;5.532013
6.037275;5.498283
6.035246;5.467112
6.033269;5.437309
6.031394;5.409598
6.023413;5.380190
6.018825;5.353013
6.013275;5.323786
6.009071;5.297456
6.013563;5.275163
6.210114;5.303118
6.193551;5.270185
5.000000;5.000000
5.000000;5.000000
5.000000;5.000000
5.000000;5.000000
5.000000;5.000000
5.000000;5.000000
5.000000;5.000000
7.608931;5.141210
7.586744;5.080626
7.588156;5.022085
7.579011;4.964887
7.570061;4.906819
7.554524;4.848713
7.548514;4.791853
7.548450;4.734436
7.526010;4.679592
7.509178;4.623618
7.526132;4.562423
7.497328;4.509719
7.489905;4.453147
7.478283;4.397372
6.974729;4.467557
6.641697;4.510921
6.385378;4.550421
6.198936;4.577356
6.053849;4.597774
5.944986;4.614082
5.928475;4.594279
5.930274;4.569038
5.915822;4.551491
5.911126;4.528273
5.911922;4.501041
5.904231;4.478674
5.902035;4.452382
5.895799;4.428642
5.898565;4.398600
5.893910;4.372358
5.890224;4.346225
5.885902;4.318017
5.880550;4.289420
5.875678;4.260741
5.873158;4.227622
5.872502;4.194459
5.868140;4.161800
5.859785;4.130933
5.853301;4.097880
5.850361;4.061770
5.844370;4.026060
5.842899;3.980919
5.836040;3.942578
5.827650;3.904811
5.827659;3.854463
5.816786;3.813146
5.000000;5.000000
5.000000;5.000000
6.301880;2.844381
5.000000;5.000000
6.128861;2.918391
6.087985;2.880707
6.029600;2.881716
5.832395;3.177603
5.899072;2.920266
5.839601;2.927079
5.781447;2.941325
5.723567;2.951801
5.686436;2.912726
5.666007;2.815782
5.652161;2.675503
5.633720;2.533355
5.604763;2.410430
5.576440;2.258957
5.000000;5.000000
5.749894;0.520332
5.650688;0.506619
5.000000;5.000000
5.528509;-0.303481
5.276991;1.288572
5.198864;1.211466
5.113842;1.207458
5.024002;1.206826
4.938814;1.246249
4.953590;4.338877
4.939484;4.345040
4.923935;4.346160
4.910497;4.349882
4.894651;4.358594
4.882668;4.366778
4.868605;4.369802
4.853963;4.372777
4.839389;4.376091
4.825309;4.377809
4.809872;4.381566
4.795889;4.383142
4.781130;4.386631
4.768116;4.389291
4.751729;4.393065
4.739007;4.395157
4.722054;4.395321
4.706560;4.399068
4.692525;4.400502
4.676927;4.405345
4.662045;4.408199
4.646109;4.411746
4.627374;4.411560
4.611245;4.416372
4.594975;4.417467
4.576555;4.421085
4.558836;4.423730
4.541518;4.426807
4.522770;4.431505
4.502974;4.431346
4.483305;4.434507
4.462288;4.439113
4.441723;4.441402
4.418323;4.444600
4.397708;4.446494
4.376497;4.455560
4.352815;4.459035
4.326339;4.460202
4.300552;4.464749
4.274334;4.470602
4.244427;4.474234
4.218759;4.479506
4.185311;4.482790
4.146258;4.483155
5.000000;5.000000
5.000000;5.000000
3.118799;3.998879
3.135441;4.060788
3.137442;4.114701
3.140717;4.166649
3.095383;4.198860
3.100272;4.249774
3.111530;4.304417
3.031009;4.322623
2.945160;4.344040
2.837923;4.361983
2.759834;4.391839
2.770252;4.450329
2.784491;4.505613
2.795076;4.560754
2.794074;4.612223
2.812406;4.665635
2.818045;4.716854
2.819837;4.767742
2.830442;4.817150
2.847745;4.868809
2.854797;4.918516
2.853769;4.966045
2.857550;5.014584
2.862926;5.062919
3.353996;5.090674
3.355010;5.128480
3.363388;5.163411
3.365785;5.198699
3.215118;5.256722
3.136230;5.309239
3.093490;5.360262
2.557720;5.511410
2.540370;5.571931
2.560297;5.625053
2.568082;5.682047
2.575385;5.739054
2.614095;5.786674
2.680092;5.822057
2.686918;5.879794
2.689080;5.938579
2.697598;5.996380
2.724544;6.045140
3.853356;5.571671
3.948271;5.556211
4.030928;5.543342
4.085618;5.542593
4.164628;5.522842
4.197217;5.530079
4.203234;5.551036
4.204775;5.575717
4.207502;5.600814
4.212051;5.627045
4.215774;5.651437
4.218249;5.679063
4.222917;5.706890
4.227189;5.736060
4.230745;5.765870
4.234195;5.795904
4.238835;5.826025
4.245332;5.855778
4.248327;5.893333
4.252389;5.926803
4.260102;5.962469
4.264461;6.000152
4.267963;6.042382
4.273662;6.085690
4.279092;6.129554
4.288542;6.171659
4.294024;6.223419
4.300965;6.272371
4.304986;6.332371
5.000000;5.000000
5.000000;5.000000
5.000000;5.000000
5.000000;5.000000
5.000000;5.000000
4.150005;7.317276
4.147347;7.493233
4.203526;7.509120
4.229861;7.622767
4.375007;7.332208
4.425148;7.357166
4.243692;8.375561
4.328901;8.348665
4.407068;8.346630
4.501313;8.285873
4.716317;7.264298
5.000000;5.000000
4.867708;6.747750
4.908015;6.717789
4.946976;6.733189
4.985806;6.663439
