5.018559;6.668647
5.055555;6.645563
5.092144;6.641165
5.130727;6.645315
5.169309;6.668180
5.205728;6.657532
5.245869;6.670756
5.284929;6.675445
5.323759;6.673724
5.361488;6.667262
5.417616;6.742145
5.000000;5.000000
5.690102;7.434582
5.000000;5.000000
5.810133;7.437391
5.763784;7.127556
5.823829;7.139360
5.875253;7.128035
5.927661;7.122917
5.972602;7.094716
6.098066;7.236197
6.155146;7.226422
6.158184;7.111464
6.219646;7.109842
6.248480;7.051170
6.860202;7.930738
5.000000;5.000000
5.000000;5.000000
10.299595;12.270200
10.393558;12.053726
10.220388;11.516264
10.209492;11.209371
10.089344;10.796928
10.152270;10.605309
10.080189;10.280871
6.120132;6.086492
6.114713;6.031144
6.104976;5.976686
6.095478;5.925357
6.094413;5.879874
6.086304;5.835593
6.080419;5.791382
6.074722;5.748611
6.072430;5.711974
6.062671;5.670932
6.059724;5.635174
6.055379;5.599470
6.050791;5.566461
6.046530;5.532577
6.038340;5.499530
6.031523;5.467457
6.030125;5.439593
6.025417;5.410415
6.022777;5.381182
6.017273;5.352148
6.011607;5.325713
6.008978;5.299532
6.012361;5.275774
6.206128;5.303595
6.190707;5.272543
5.000000;5.000000
5.000000;5.000000
5.000000;5.000000
5.000000;5.000000
5.000000;5.000000
5.000000;5.000000
5.000000;5.000000
7.602707;5.145128
7.600302;5.086789
7.588845;5.028296
7.568824;4.969952
7.560491;4.912082
7.557431;4.855675
7.551307;4.798519
7.546717;4.739552
7.542714;4.682178
7.533142;4.624989
7.537689;4.567685
7.505521;4.513846
7.496480;4.457471
7.494573;4.397716
7.031533;4.456418
6.673403;4.507932
6.400383;4.549704
6.213047;4.576040
6.063920;4.598948
5.947819;4.614409
5.926811;4.598600
5.932109;4.571223
5.926499;4.550001
5.911500;4.531178
5.910764;4.505186
5.905478;4.480843
5.902588;4.455711
5.897820;4.431823
5.897435;4.403212
5.891876;4.377736
5.886416;4.352026
5.882370;4.324501
5.881488;4.292979
5.874654;4.266903
5.872633;4.232696
5.870379;4.202121
5.863832;4.171384
5.859641;4.138544
5.853562;4.105023
5.848251;4.069312
5.844038;4.033392
5.840756;3.993767
5.836531;3.951908
5.826532;3.914318
5.821767;3.869026
5.815345;3.824914
5.000000;5.000000
5.000000;5.000000
6.303559;2.859726
5.000000;5.000000
5.000000;5.000000
6.100227;2.879429
6.030556;2.900268
5.840111;3.177843
5.898862;2.935981
5.844323;2.938180
5.788222;2.940161
5.739653;2.927800
5.687275;2.929590
5.668850;2.822927
5.646973;2.723395
5.629823;2.576503
5.609059;2.426592
5.584118;2.266718
5.000000;5.000000
5.747408;0.622852
5.650085;0.594203
5.000000;5.000000
5.565097;-0.489239
5.297710;1.178830
5.214219;1.177999
5.127602;1.143610
5.039841;1.187708
4.953893;1.243033
5.000000;5.000000
4.940792;4.339147
4.926903;4.348840
4.912484;4.348603
4.899219;4.354318
4.886170;4.367410
4.871788;4.369657
4.855347;4.372456
4.842326;4.376116
4.829361;4.378759
4.812865;4.381176
4.798312;4.383134
4.785816;4.386037
4.771836;4.388692
4.756509;4.391132
4.740784;4.393850
4.726448;4.397437
4.710506;4.398544
4.695329;4.401596
4.679517;4.405365
4.663512;4.407076
4.648435;4.408316
4.632959;4.412182
4.615639;4.414367
4.598160;4.418605
4.580377;4.421086
4.561971;4.422912
4.546673;4.426859
4.526993;4.430909
4.508597;4.433411
4.488922;4.434807
4.467340;4.437407
4.448475;4.442093
4.425597;4.443169
4.403793;4.447641
4.379529;4.453999
4.356666;4.456783
4.332459;4.460572
4.306702;4.466181
4.280208;4.468515
4.251257;4.474499
4.226364;4.480278
4.194077;4.485314
4.157257;4.486717
5.000000;5.000000
5.000000;5.000000
3.103907;3.981135
3.164061;4.065695
3.139242;4.107451
3.129579;4.153028
3.100080;4.192246
3.107110;4.244070
3.112337;4.296482
3.058879;4.326169
2.962885;4.342805
2.860615;4.361091
2.756284;4.383016
2.773051;4.442178
2.797330;4.500936
2.793089;4.552874
2.805420;4.605536
2.819338;4.660058
2.818484;4.709677
2.824402;4.760420
2.828699;4.811131
2.833005;4.860193
2.830095;4.910493
2.853903;4.958433
2.855015;5.008020
2.859510;5.057064
3.366282;5.086384
3.340852;5.123666
3.360624;5.158291
3.372165;5.195231
3.212382;5.251696
3.141315;5.304735
3.096954;5.354320
2.588423;5.499433
2.552920;5.564069
2.576241;5.616760
2.562027;5.678958
2.584530;5.730450
2.606414;5.784122
2.683469;5.818111
2.689894;5.872835
2.706292;5.926468
2.706594;5.988835
2.725572;6.040182
3.844640;5.574358
3.944330;5.555707
4.016806;5.547795
4.081796;5.541533
4.156989;5.525713
4.194170;5.529543
4.200680;5.549974
4.207812;5.573518
4.211432;5.598549
4.212135;5.623531
4.217205;5.648855
4.220001;5.676886
4.225504;5.703045
4.228436;5.733745
4.228923;5.764746
4.236013;5.792796
4.239377;5.824485
4.246985;5.853903
4.249556;5.889792
4.254539;5.924682
4.259174;5.959861
4.266808;5.995360
4.268635;6.038882
4.274434;6.081392
4.282697;6.121770
4.287478;6.171890
4.292468;6.223675
4.305658;6.262969
4.308894;6.327360
5.000000;5.000000
5.000000;5.000000
5.000000;5.000000
5.000000;5.000000
5.000000;5.000000
4.158700;7.293570
4.141932;7.507498
4.200879;7.517460
4.222231;7.654398
4.374450;7.336976
4.429813;7.343894
4.254957;8.334274
4.341546;8.305303
4.419275;8.292428
4.491386;8.291688
4.709786;7.270528
4.764150;7.248665
4.860583;6.763247
4.902769;6.720004
4.939103;6.753943
4.982085;6.683404
