5.034105;6.646647
5.070791;6.643476
5.109578;6.651619
5.146312;6.663579
5.185501;6.681549
5.223905;6.683677
5.261550;6.669385
5.300182;6.668207
5.339061;6.669416
5.383158;6.689600
5.434889;6.742552
5.000000;5.000000
5.708669;7.412571
5.000000;5.000000
5.807098;7.352659
5.000000;5.000000
5.845160;7.135326
5.893520;7.117988
5.964736;7.154629
5.993493;7.090703
6.124599;7.240609
6.202271;7.268612
6.177416;7.102806
6.231803;7.087687
5.000000;5.000000
6.896049;7.928545
5.000000;5.000000
10.254928;12.423564
10.360595;12.225029
10.347405;11.872421
10.265861;11.460555
10.131535;11.012689
10.095109;10.705674
10.199911;10.561143
10.050781;10.162413
6.124991;6.071697
6.112317;6.013793
6.105909;5.960827
6.096442;5.909012
6.091222;5.864635
6.084418;5.819510
6.082208;5.778277
6.076248;5.736721
6.070641;5.697405
6.061540;5.658604
6.060017;5.624897
6.054115;5.587442
6.049687;5.555260
6.046211;5.522100
6.037985;5.489227
6.033708;5.458922
6.027895;5.427501
6.026588;5.399961
6.023000;5.373353
6.017828;5.345905
6.008554;5.317169
6.015712;5.294340
5.000000;5.000000
5.000000;5.000000
6.200548;5.265243
5.000000;5.000000
5.000000;5.000000
5.000000;5.000000
5.000000;5.000000
5.000000;5.000000
5.000000;5.000000
7.406159;5.167750
7.599498;5.124957
7.598873;5.067539
7.585988;5.007934
7.562995;4.949129
7.559221;4.891976
7.553877;4.834249
7.549829;4.777712
7.539258;4.721359
7.551634;4.661416
7.542827;4.603851
7.518547;4.551042
7.517158;4.490268
7.499236;4.437519
7.341433;4.415648
6.887796;4.477576
6.574646;4.522336
6.333375;4.559513
6.156250;4.584911
6.027044;4.601901
5.935242;4.612085
5.926802;4.591089
5.926928;4.566588
5.917687;4.545659
5.909725;4.522343
5.909323;4.497354
5.900843;4.475320
5.901738;4.448532
5.898581;4.421399
5.897478;4.392953
5.891043;4.370025
5.889426;4.340093
5.883149;4.313233
5.875286;4.287690
5.872859;4.257801
5.872314;4.224033
5.868858;4.191630
5.862761;4.159127
5.857365;4.128546
5.850965;4.096019
5.850644;4.055288
5.844868;4.017901
5.840637;3.978080
5.831856;3.942462
5.826326;3.899120
5.822599;3.850824
5.000000;5.000000
5.000000;5.000000
6.366719;2.832992
6.288467;2.847984
5.000000;5.000000
6.140922;2.881147
6.083201;2.876012
5.948013;3.029430
5.833270;3.161247
5.897229;2.908585
5.829931;2.935039
5.771721;2.946203
5.720539;2.945964
5.676922;2.918820
5.664092;2.794043
5.646519;2.668997
5.624295;2.539722
5.607240;2.377126
5.581059;2.203733
5.802078;0.732980
5.726120;0.594945
5.623924;0.596229
5.000000;5.000000
5.534945;-0.490753
5.272322;1.254386
5.192970;1.162098
5.106847;1.171241
5.018855;1.218047
4.933893;1.211827
4.953710;4.335109
4.938016;4.344926
4.923487;4.347219
4.908525;4.351671
4.896490;4.359814
4.881229;4.367810
4.868526;4.370329
4.854561;4.372894
4.839036;4.376698
4.825691;4.378480
4.809725;4.381088
4.796381;4.384033
4.781734;4.387211
4.767041;4.391038
4.752268;4.393385
4.737500;4.395810
4.722298;4.396310
4.708329;4.399041
4.693153;4.401303
4.677575;4.406131
4.661556;4.405888
4.645413;4.408664
4.628514;4.412613
4.611403;4.413567
4.595974;4.418903
4.578031;4.422174
4.560092;4.424343
4.541399;4.427222
4.523212;4.430482
4.504614;4.431905
4.485004;4.437018
4.464596;4.440018
4.444854;4.443575
4.422659;4.445132
4.398919;4.447394
4.375429;4.450710
4.354860;4.457374
4.329030;4.462042
4.302263;4.464572
4.276314;4.468743
4.248306;4.474791
4.220439;4.478790
4.188412;4.482573
4.154284;4.486794
5.000000;5.000000
5.000000;5.000000
3.114081;3.991258
3.118235;4.048272
3.106503;4.094203
3.127746;4.155872
3.096234;4.194273
3.101482;4.246040
3.111731;4.298110
3.051167;4.327049
2.955704;4.343084
2.841971;4.358001
2.761969;4.387809
2.762115;4.442630
2.771884;4.498987
2.793226;4.555984
2.811291;4.609622
2.820463;4.662588
2.825009;4.711818
2.830047;4.763989
2.828252;4.813400
2.834632;4.862174
2.847331;4.911204
2.852133;4.959428
2.858765;5.008006
2.860244;5.056428
3.364060;5.086973
3.339428;5.124732
3.360126;5.158339
3.372414;5.195201
3.217334;5.250998
3.140400;5.303786
3.103590;5.353084
2.599296;5.496461
2.557930;5.560202
2.576738;5.614655
2.557921;5.676319
2.567596;5.734044
2.590054;5.787179
2.684260;5.814338
2.693937;5.870802
2.702568;5.925923
2.704526;5.985292
2.725287;6.037150
3.843363;5.573472
3.938875;5.557151
4.015521;5.547028
4.083288;5.541601
4.159496;5.523591
4.192346;5.530410
4.199090;5.551634
4.208260;5.571576
4.209633;5.598245
4.212059;5.623837
4.217223;5.647701
4.219795;5.675885
4.223989;5.702117
4.226593;5.730711
4.229100;5.762082
4.234682;5.789771
4.237300;5.823246
4.246668;5.851955
4.248685;5.888402
4.252708;5.922238
4.259479;5.958517
4.266691;5.993722
4.267818;6.037082
4.272353;6.081801
4.282001;6.119544
4.286982;6.166903
4.291396;6.219586
4.303237;6.260778
4.306444;6.325235
5.000000;5.000000
5.000000;5.000000
5.000000;5.000000
5.000000;5.000000
5.000000;5.000000
4.154459;7.287479
4.136744;7.502279
4.203860;7.489023
4.211150;7.662862
4.373259;7.318274
4.424808;7.339066
4.261315;8.271901
4.330615;8.307187
4.411510;8.288508
4.526414;8.270388
4.731320;7.264114
4.784948;7.238443
4.879572;6.734574
4.918131;6.730815
4.959071;6.700508
4.998074;6.673999
