5.000320;6.667750
5.037578;6.646571
5.075149;6.649039
5.113010;6.650636
5.150666;6.660177
5.188386;6.666637
5.228605;6.680775
5.265562;6.677105
5.302421;6.667803
5.341252;6.668715
5.390264;6.710289
5.438399;6.744508
5.528090;6.926947
5.715182;7.421859
5.000000;5.000000
5.000000;5.000000
5.000000;5.000000
5.843687;7.123270
5.895242;7.117532
5.961581;7.140974
5.992162;7.079154
6.152101;7.286102
6.201468;7.257149
6.179590;7.101014
6.227331;7.074649
5.000000;5.000000
6.901253;7.924275
5.000000;5.000000
10.275091;12.421829
10.374588;12.214937
10.363061;11.869411
10.259449;11.431256
10.111330;10.968127
10.139935;10.737023
10.155390;10.498715
10.024864;10.119205
6.127516;6.071219
6.113279;6.009017
6.105206;5.957060
6.093875;5.903880
6.093146;5.861393
6.084651;5.814632
6.083475;5.776512
6.075800;5.733389
6.066114;5.691984
6.060060;5.655295
6.058373;5.620787
6.050597;5.582449
6.049879;5.550604
6.045916;5.520451
6.035387;5.485941
6.032887;5.455834
6.026770;5.425648
6.024318;5.396139
6.021472;5.368032
6.010907;5.338264
6.009909;5.314513
6.016593;5.290374
6.035160;5.270821
6.212470;5.292490
6.201676;5.261266
5.000000;5.000000
5.000000;5.000000
5.000000;5.000000
5.000000;5.000000
5.000000;5.000000
5.000000;5.000000
7.416252;5.163101
7.597985;5.119892
7.602282;5.061136
7.575499;5.002222
7.564892;4.944170
7.556544;4.887915
7.552340;4.829926
7.549831;4.772046
7.541700;4.716157
7.558760;4.656226
7.541453;4.598322
7.511921;4.545262
7.506868;4.487346
7.498069;4.431236
7.258410;4.429924
6.817339;4.492945
6.530912;4.530630
6.310492;4.561211
6.142554;4.585990
6.005417;4.605620
5.929030;4.609536
5.924304;4.587312
5.926741;4.562663
5.916162;4.542031
5.908467;4.518885
5.906806;4.493853
5.903033;4.469163
5.897755;4.445869
5.895684;4.418759
5.895732;4.389492
5.888824;4.366467
5.884305;4.337825
5.881292;4.308419
5.875269;4.280561
5.871597;4.253242
5.871230;4.218691
5.866481;4.187620
5.861567;4.157547
5.856771;4.124461
5.849815;4.092197
5.849105;4.049877
5.843529;4.014117
5.838883;3.973410
5.830865;3.937237
5.828125;3.892970
5.820933;3.847791
5.000000;5.000000
5.000000;5.000000
6.350021;2.847594
5.000000;5.000000
5.000000;5.000000
6.137448;2.877861
6.073921;2.884194
5.876164;3.164382
5.827114;3.154634
5.882380;2.911773
5.820455;2.928835
5.763926;2.936358
5.704922;2.956677
5.671988;2.901204
5.658617;2.776754
5.640759;2.645118
5.621112;2.506184
5.598905;2.343679
5.569941;2.186905
5.787985;0.677995
5.703823;0.574366
5.000000;5.000000
5.630438;-0.515839
5.504698;-0.508427
5.253859;1.206735
5.170734;1.164548
5.084339;1.192434
4.999275;1.218250
4.915271;1.207696
4.948649;4.333475
4.934100;4.348826
4.918528;4.334720
4.906084;4.355810
4.890824;4.360249
4.877932;4.368948
4.864778;4.371379
4.849513;4.374601
4.835918;4.376737
4.822118;4.379493
4.807605;4.382006
4.794118;4.384521
4.779653;4.387691
4.764800;4.389221
4.748273;4.391784
4.735151;4.394380
4.719523;4.397594
4.703441;4.401438
4.688344;4.404075
4.673760;4.407933
4.657555;4.409051
4.640316;4.409700
4.622285;4.413029
4.607448;4.415905
4.589509;4.419161
4.573745;4.421909
4.556612;4.427336
4.536717;4.429714
4.517729;4.431835
4.497858;4.434855
4.479057;4.437054
4.458214;4.441653
4.437312;4.445133
4.415471;4.446147
4.391415;4.448942
4.370100;4.454535
4.347629;4.458620
4.321594;4.462144
4.296360;4.466126
4.267904;4.471375
4.241584;4.475702
4.211363;4.479804
4.179863;4.484392
4.150275;4.493459
3.094690;3.881707
3.109460;3.948568
3.112125;4.006680
3.124246;4.065273
3.139548;4.124869
3.135530;4.174607
3.102477;4.209754
3.107555;4.262699
3.107466;4.311152
3.021906;4.328387
2.923822;4.345992
2.807887;4.362248
2.772349;4.406916
2.773661;4.459540
2.791310;4.516463
2.791974;4.570032
2.807453;4.624319
2.812869;4.675998
2.828228;4.727909
2.829158;4.777151
2.827912;4.826580
2.835562;4.875771
2.847797;4.925275
2.851157;4.974041
2.858119;5.022589
2.864412;5.070458
5.000000;5.000000
3.353062;5.135465
3.371070;5.169744
3.316822;5.212189
3.195418;5.267154
3.135948;5.318108
2.683111;5.442412
2.581367;5.518088
2.565461;5.578165
2.563018;5.636570
2.575881;5.692161
2.572603;5.752128
2.672265;5.779390
2.683908;5.834226
2.701063;5.885279
2.709003;5.943048
2.709861;6.003873
2.716151;6.060951
3.875571;5.568560
3.964951;5.553500
4.037270;5.547454
4.100207;5.538260
4.184083;5.516674
4.195251;5.535709
4.201235;5.556048
4.208336;5.579759
4.209539;5.605138
4.210783;5.632267
4.217317;5.655628
4.221972;5.683325
4.228398;5.707330
4.226710;5.740627
4.231567;5.769170
4.238518;5.797969
4.239239;5.831487
4.247797;5.860937
4.246494;5.900932
4.251554;5.936072
4.259123;5.970851
4.268766;6.005160
4.269611;6.049635
4.275997;6.090550
4.279175;6.138790
4.290252;6.178244
4.298160;6.224644
4.306822;6.275002
5.000000;5.000000
4.313416;6.331112
5.000000;5.000000
5.000000;5.000000
5.000000;5.000000
5.000000;5.000000
4.156087;7.328275
4.151234;7.510925
4.219880;7.494876
4.251339;7.594650
4.388003;7.323762
4.437359;7.351115
4.270813;8.318583
4.355078;8.288355
4.436367;8.268763
4.459119;8.269564
4.681405;7.288177
4.739991;7.242476
4.839042;6.771704
4.883984;6.726106
4.922378;6.732512
4.962111;6.688575
