5.031929;6.656693
5.070062;6.637502
5.107255;6.637992
5.144038;6.657754
5.184326;6.688720
5.222171;6.674324
5.261572;6.678997
5.298951;6.671476
5.335330;6.669914
5.380150;6.697453
5.431083;6.745815
5.000000;5.000000
5.704623;7.415058
5.000000;5.000000
5.804280;7.359171
5.000000;5.000000
5.833921;7.124170
5.889331;7.121106
5.961010;7.157388
5.987372;7.089177
6.132924;7.268034
6.191037;7.257867
6.172492;7.104411
6.224045;7.087320
6.236653;7.000942
6.886443;7.929688
5.000000;5.000000
5.000000;5.000000
10.343558;12.238258
10.391358;11.967421
10.251305;11.474323
10.246739;11.177601
10.116240;10.758164
10.175508;10.569195
10.127761;10.270328
6.127654;6.080853
6.115200;6.019164
6.106999;5.967188
6.095584;5.914343
6.091942;5.870159
6.084036;5.821673
6.078473;5.780464
6.075225;5.740419
6.073925;5.703805
6.061655;5.662204
6.060863;5.626904
6.054448;5.590944
6.049101;5.556367
6.046476;5.524364
6.036763;5.491813
6.031123;5.459196
6.026637;5.429867
6.025702;5.401543
6.022751;5.375487
6.016408;5.345423
6.012088;5.320094
6.018353;5.295105
6.022229;5.272785
6.206542;5.297801
6.197263;5.266203
5.000000;5.000000
5.000000;5.000000
5.000000;5.000000
5.000000;5.000000
5.000000;5.000000
5.000000;5.000000
5.000000;5.000000
7.599254;5.129941
7.594531;5.070910
7.582464;5.013618
7.564122;4.955992
7.559443;4.897375
7.554221;4.839636
7.547697;4.782082
7.555695;4.724513
7.547913;4.667625
7.534020;4.610695
7.521738;4.554713
7.508220;4.499084
7.497465;4.442193
7.435737;4.397072
6.911455;4.474973
6.588622;4.521920
6.346959;4.557601
6.164459;4.584105
6.036245;4.600048
5.936054;4.611432
5.928174;4.590484
5.927505;4.566643
5.918129;4.545988
5.910502;4.523826
5.908245;4.499540
5.901124;4.474810
5.901262;4.447753
5.899024;4.422088
5.895631;4.395578
5.890522;4.368856
5.887509;4.342965
5.882885;4.314524
5.876824;4.288393
5.872501;4.258538
5.872233;4.226201
5.870238;4.191279
5.864675;4.161455
5.858542;4.129355
5.851136;4.095837
5.850494;4.058182
5.845977;4.019847
5.839756;3.982537
5.832613;3.943377
5.829156;3.898432
5.824509;3.852809
5.000000;5.000000
5.000000;5.000000
6.360855;2.847325
6.293389;2.847730
5.000000;5.000000
6.145115;2.884547
6.088477;2.876744
5.953204;3.028325
5.834995;3.154618
5.893755;2.912264
5.828685;2.936424
5.769858;2.948174
5.716050;2.949955
5.676500;2.912638
5.660700;2.794590
5.644645;2.670553
5.622634;2.540333
5.606715;2.359815
5.575363;2.215063
5.801532;0.694981
5.710278;0.638963
5.620108;0.571202
5.658060;-0.545341
5.522031;-0.483457
5.265510;1.248634
5.185297;1.168228
5.100872;1.188835
5.015673;1.198282
4.931161;1.221377
4.951461;4.336774
4.938134;4.344162
4.921751;4.344907
4.908525;4.351671
4.894790;4.361358
4.882138;4.367640
4.866526;4.371006
4.852941;4.373015
4.839506;4.375803
4.824551;4.378541
4.809443;4.381437
4.794944;4.384246
4.781826;4.386913
4.767041;4.391038
4.752093;4.393456
4.735790;4.394101
4.721557;4.396376
4.706607;4.399601
4.690289;4.403344
4.675812;4.407092
4.659870;4.407427
4.643682;4.409122
4.626952;4.413012
4.609998;4.414500
4.593295;4.420165
4.576482;4.423309
4.558980;4.426771
4.540294;4.428430
4.520719;4.430616
4.502708;4.433240
4.482235;4.436165
4.460269;4.438625
4.439162;4.441844
4.419516;4.447333
4.396224;4.448855
4.373296;4.452765
4.349869;4.457102
4.324893;4.462013
4.300385;4.465791
4.272212;4.469694
4.245043;4.474662
4.214937;4.478481
4.184927;4.483861
4.145615;4.485672
5.000000;5.000000
5.000000;5.000000
3.118157;4.000619
3.127479;4.059926
3.117790;4.107130
3.137785;4.167692
3.100070;4.201260
3.105208;4.253612
3.111196;4.305323
3.033929;4.327209
2.940658;4.344995
2.823875;4.361012
2.775018;4.399853
2.776006;4.453104
2.780066;4.507083
2.792526;4.563326
2.802668;4.616774
2.819679;4.671023
2.827753;4.721713
2.829538;4.771090
2.829846;4.821290
2.847845;4.871300
2.844508;4.919367
2.851225;4.968890
2.858321;5.017454
2.859995;5.065264
3.349181;5.094114
3.344717;5.131519
3.369779;5.164509
3.352426;5.202728
3.201162;5.259786
3.135886;5.310215
3.094504;5.361585
2.562027;5.512461
2.560827;5.569393
2.564953;5.626100
2.555719;5.687032
2.571914;5.741385
2.638411;5.782173
2.681509;5.823807
2.693537;5.880315
2.704246;5.934727
2.711246;5.992037
2.728980;6.045213
3.855643;5.571216
3.950739;5.556065
4.028232;5.546200
4.091053;5.539014
4.173489;5.518621
4.198013;5.528561
4.202682;5.552435
4.206192;5.575968
4.208446;5.600816
4.212067;5.626663
4.214227;5.653487
4.220176;5.679754
4.224799;5.704499
4.227651;5.733645
4.231014;5.764722
4.236504;5.793962
4.239106;5.825255
4.245832;5.854219
4.247270;5.891461
4.254041;5.926208
4.259727;5.960287
4.267543;5.997764
4.269793;6.042749
4.274150;6.083610
4.282029;6.127572
4.289104;6.171999
4.292968;6.222809
4.303746;6.269905
4.310084;6.326006
5.000000;5.000000
5.000000;5.000000
5.000000;5.000000
5.000000;5.000000
5.000000;5.000000
4.151469;7.313286
4.142499;7.505842
4.197419;7.533411
4.222794;7.652479
4.376021;7.335585
4.426214;7.352795
4.252558;8.345009
4.337056;8.307975
4.416946;8.294555
4.522207;8.275082
4.732682;7.241617
4.783280;7.237780
4.875408;6.739043
4.916743;6.732000
4.955407;6.715920
4.995359;6.668993
