5.007651;6.662482
5.044123;6.637405
5.081864;6.640709
5.118083;6.643764
5.156507;6.659135
5.193325;6.653487
5.234352;6.671401
5.271511;6.673113
5.308190;6.653524
5.346188;6.664378
5.397425;6.717364
5.457059;6.798326
5.593419;7.146741
5.725130;7.423858
5.000000;5.000000
5.753395;7.155636
5.804169;7.142022
5.854939;7.129544
5.903729;7.116642
5.000000;5.000000
5.999803;7.074657
6.158277;7.278213
6.154508;7.149016
6.189026;7.097987
6.206848;7.018767
6.808486;7.901247
6.915874;7.922791
5.000000;5.000000
10.265292;12.343740
10.404886;12.193519
10.235596;11.649446
10.174947;11.271285
10.140790;10.950371
10.117655;10.659534
10.179065;10.476422
5.000000;5.000000
6.123514;6.057623
6.112888;5.999373
6.104369;5.946925
6.094691;5.895408
6.091085;5.850650
6.086847;5.807515
6.082178;5.767133
6.075639;5.726501
6.068420;5.685645
6.061972;5.649322
6.057126;5.611504
6.051240;5.576104
6.046971;5.543205
6.044571;5.511313
6.038027;5.480276
6.030533;5.447496
6.027802;5.419854
6.024841;5.390591
6.020904;5.362196
6.016232;5.335718
6.011850;5.308213
5.000000;5.000000
6.011742;5.283645
5.000000;5.000000
5.000000;5.000000
5.000000;5.000000
5.000000;5.000000
5.000000;5.000000
5.000000;5.000000
5.000000;5.000000
5.000000;5.000000
5.000000;5.000000
7.598102;5.105672
7.584553;5.048077
7.590732;4.990313
7.562840;4.931677
7.556417;4.874411
7.551674;4.816696
7.551105;4.758613
7.536386;4.702708
7.539555;4.643177
7.531563;4.587188
7.538534;4.526858
7.492198;4.478137
7.502152;4.416664
7.145609;4.445908
6.766886;4.495500
6.468928;4.540064
6.262281;4.569263
6.104619;4.592172
5.974283;4.612541
5.926001;4.604946
5.942769;4.574724
5.923292;4.556581
5.914983;4.536353
5.910571;4.512729
5.908231;4.486183
5.902697;4.462702
5.900538;4.436612
5.896425;4.411661
5.893472;4.384865
5.890437;4.357562
5.885264;4.329125
5.882947;4.301632
5.875953;4.273927
5.872926;4.242913
5.871113;4.211837
5.866020;4.179113
5.858855;4.150155
5.855051;4.113727
5.851704;4.079270
5.844730;4.042649
5.842687;4.003554
5.839515;3.962323
5.830946;3.923372
5.825145;3.880482
5.820286;3.835995
5.000000;5.000000
5.000000;5.000000
6.327771;2.853468
5.000000;5.000000
5.000000;5.000000
6.120322;2.876682
6.047438;2.903606
5.854177;3.176385
5.910822;2.940958
5.868104;2.909316
5.802547;2.936577
5.743635;2.950223
5.694465;2.943598
5.668483;2.865741
5.651818;2.745849
5.638525;2.596108
5.612275;2.474664
5.587875;2.311012
5.559372;2.143504
5.749497;0.736375
5.000000;5.000000
5.000000;5.000000
5.593615;-0.516906
5.311522;1.265220
5.234273;1.138350
5.143492;1.193454
5.064073;1.159534
4.977521;1.218317
4.893501;1.235506
4.944425;4.339835
4.930998;4.348142
4.914801;4.339976
4.902674;4.353282
4.888067;4.365040
4.874956;4.368511
4.860230;4.371094
4.846817;4.374484
4.832282;4.377964
4.816761;4.379490
4.803826;4.382408
4.789160;4.385409
4.774362;4.387222
4.759205;4.390598
4.745459;4.392415
4.731397;4.395762
4.715941;4.397616
4.699666;4.402483
4.685067;4.403255
4.669165;4.406478
4.652856;4.408029
4.636174;4.411950
4.621431;4.414174
4.602918;4.417764
4.586291;4.418992
4.569702;4.423975
4.549657;4.425782
4.534342;4.430036
4.513770;4.430609
4.495360;4.436412
4.473993;4.437668
4.453658;4.441904
4.433619;4.446397
4.411723;4.448666
4.387074;4.449275
4.365098;4.454978
4.343020;4.459881
4.317203;4.464078
4.291606;4.468276
4.260801;4.470548
4.233926;4.476249
4.205683;4.483457
5.000000;5.000000
4.172989;4.486904
5.000000;5.000000
3.107270;3.958725
3.109471;4.014983
3.124137;4.076193
3.133477;4.133134
3.108837;4.173825
3.102105;4.220467
3.103669;4.272053
3.094943;4.317123
3.007211;4.336794
2.900808;4.351771
2.774621;4.365740
2.770593;4.419477
2.776671;4.473795
2.779626;4.527941
2.791377;4.582430
2.804446;4.636143
2.822357;4.688917
2.824738;4.739961
2.826419;4.789497
2.827246;4.838471
2.847054;4.890094
2.856613;4.939157
2.866535;4.987727
2.860284;5.034877
3.378254;5.069855
3.322976;5.108034
3.357398;5.142246
3.376196;5.177713
3.266934;5.226078
3.171873;5.278705
3.133246;5.327416
2.659429;5.459506
2.623056;5.522760
2.572730;5.590223
2.579576;5.646396
2.564614;5.709034
2.593477;5.758576
2.682257;5.788668
2.682380;5.847601
2.691268;5.903569
2.711060;5.954544
2.711598;6.016480
5.000000;5.000000
3.899399;5.563019
3.976943;5.554679
4.052769;5.543338
4.110646;5.538637
4.189816;5.519159
4.201564;5.536604
4.203081;5.562168
4.206591;5.586666
4.209541;5.611290
4.212606;5.636528
4.216333;5.662612
4.220315;5.690894
4.224574;5.717569
4.228255;5.747277
4.233735;5.773795
4.235679;5.806654
4.241278;5.838413
4.247838;5.868592
4.249473;5.906339
4.257186;5.938954
4.260739;5.976476
4.268820;6.015075
4.271271;6.060206
4.275204;6.104106
4.283535;6.144488
4.290438;6.192632
4.299952;6.236310
4.304829;6.296087
5.000000;5.000000
4.315759;6.345513
5.000000;5.000000
5.000000;5.000000
5.000000;5.000000
5.000000;5.000000
4.163206;7.350755
4.163270;7.525499
4.227433;7.521553
4.320566;7.413695
4.399935;7.335649
4.448068;7.355193
4.294983;8.299007
4.373244;8.290848
4.453791;8.268678
4.471912;8.246327
4.687617;7.295088
5.000000;5.000000
4.844746;6.767193
4.889326;6.715434
4.927072;6.731715
4.967836;6.677192
