5.002692;6.651748
5.040229;6.638756
5.076683;6.634452
5.113954;6.636788
5.150931;6.643836
5.188225;6.641242
5.229762;6.671280
5.267339;6.673785
5.302528;6.653045
5.341937;6.664746
5.391582;6.711526
5.438839;6.744139
5.000000;5.000000
5.711289;7.401894
5.000000;5.000000
5.000000;5.000000
5.000000;5.000000
5.848495;7.132389
5.898045;7.119061
5.000000;5.000000
5.993798;7.076432
6.140237;7.259326
6.148116;7.152438
6.176739;7.086554
6.205874;7.032151
5.000000;5.000000
5.000000;5.000000
5.000000;5.000000
5.000000;5.000000
5.000000;5.000000
5.000000;5.000000
5.000000;5.000000
5.000000;5.000000
5.000000;5.000000
5.000000;5.000000
6.119975;6.107376
6.120880;6.058594
6.111239;6.002327
6.103855;5.949059
6.099221;5.902107
6.088749;5.854043
6.085962;5.809123
6.081164;5.768129
6.075493;5.728056
6.068586;5.689084
6.062185;5.649452
6.055343;5.613582
6.050242;5.578440
6.045706;5.545096
6.044486;5.513756
6.038519;5.481592
6.033191;5.452659
6.027892;5.421616
6.023744;5.392761
6.020529;5.365482
6.016536;5.337981
6.011196;5.309498
6.011119;5.284935
5.000000;5.000000
6.225484;5.292896
5.000000;5.000000
5.000000;5.000000
5.000000;5.000000
5.000000;5.000000
5.000000;5.000000
5.000000;5.000000
5.000000;5.000000
5.000000;5.000000
7.581055;5.106466
7.565833;5.046252
7.569226;4.988915
7.537579;4.931620
7.532100;4.873659
7.526153;4.817312
7.532619;4.759627
7.537791;4.701804
7.538914;4.644011
7.518121;4.588637
7.500036;4.531801
7.489688;4.475921
7.487829;4.417991
7.170620;4.436784
6.767700;4.493801
6.486910;4.534746
6.263352;4.569303
6.104618;4.593616
5.980315;4.610795
5.925957;4.606119
5.943248;4.573963
5.923816;4.558833
5.915563;4.536391
5.911245;4.512929
5.908814;4.486198
5.903908;4.463271
5.901174;4.436214
5.897052;4.411249
5.892971;4.384579
5.891397;4.358038
5.885836;4.330295
5.883544;4.301985
5.876756;4.274113
5.873521;4.242836
5.870145;4.212258
5.862156;4.182305
5.857699;4.149343
5.855638;4.114988
5.852022;4.077862
5.844893;4.044127
5.842113;4.003069
5.835758;3.966359
5.830174;3.923092
5.825022;3.881323
5.820975;3.833117
5.000000;5.000000
5.000000;5.000000
6.324999;2.853812
5.000000;5.000000
5.000000;5.000000
6.120439;2.876461
6.054755;2.884906
5.842948;3.199008
5.917486;2.927504
5.870621;2.911175
5.813028;2.914366
5.749815;2.939967
5.695691;2.943221
5.669111;2.868034
5.653637;2.748459
5.632342;2.622143
5.609639;2.488688
5.592257;2.311973
5.561547;2.145460
5.751950;0.736807
5.000000;5.000000
5.000000;5.000000
5.587214;-0.413495
5.000000;5.000000
5.234353;1.185442
5.147526;1.193107
5.062554;1.184763
4.977369;1.192817
4.891497;1.203300
4.945542;4.340244
4.929936;4.348255
4.914801;4.339976
4.900876;4.353556
4.887215;4.365191
4.875089;4.368230
4.859875;4.370917
4.845498;4.375065
4.831268;4.378238
4.816691;4.379250
4.802998;4.382672
4.789985;4.385127
4.773453;4.387291
4.759814;4.390090
4.745284;4.392488
4.730382;4.395666
4.715026;4.397772
4.699666;4.402483
4.684367;4.401928
4.667831;4.406363
4.652560;4.407913
4.635799;4.412476
4.620781;4.414893
4.602944;4.417444
4.585556;4.418902
4.565999;4.422376
4.549525;4.424932
4.533092;4.430737
4.511699;4.431724
4.495522;4.436267
4.473823;4.437486
4.453294;4.441211
4.431417;4.443285
4.410509;4.449964
4.388126;4.452971
4.364210;4.456013
4.339745;4.458355
4.316681;4.465149
4.287997;4.466420
4.259683;4.470391
4.233375;4.477057
4.205534;4.483685
4.172186;4.487724
5.000000;5.000000
5.000000;5.000000
3.096725;3.957673
3.133960;4.031833
3.145529;4.090481
3.140153;4.140133
3.117528;4.178911
3.111028;4.228362
3.119507;4.281027
3.110786;4.326275
3.005326;4.338502
2.888168;4.351193
2.773350;4.369299
2.770784;4.422720
2.776547;4.477591
2.778151;4.530076
2.789464;4.584482
2.801532;4.639990
2.792801;4.689012
2.812523;4.741053
2.813287;4.792880
2.827190;4.842656
2.844131;4.893467
2.858239;4.943724
2.866268;4.991203
2.858605;5.039012
3.379660;5.073374
3.348747;5.111303
3.358420;5.145329
3.377389;5.181677
3.254797;5.231576
3.172791;5.284663
3.134656;5.332518
2.628326;5.471046
5.000000;5.000000
2.573380;5.594995
2.574302;5.652790
2.583831;5.709726
2.595376;5.764573
2.686816;5.795043
2.683573;5.854474
2.693906;5.908917
2.714184;5.962000
2.733504;6.014043
3.808936;5.577651
3.914411;5.559417
3.990400;5.550643
4.061956;5.542260
4.117470;5.538792
4.191682;5.521138
4.198451;5.541825
4.204552;5.564679
4.207792;5.589545
4.212068;5.614543
4.215341;5.640687
4.218117;5.665874
4.221455;5.692554
4.224721;5.722138
4.230731;5.750184
4.232678;5.780829
4.237628;5.809869
4.243922;5.841471
4.247921;5.875597
4.252171;5.908566
4.256389;5.946285
4.264338;5.979504
4.267610;6.020671
4.273916;6.062019
4.279989;6.106040
4.286412;6.147462
4.291442;6.199040
4.299056;6.250726
4.301852;6.310371
4.320249;6.349466
5.000000;5.000000
5.000000;5.000000
5.000000;5.000000
5.000000;5.000000
5.000000;5.000000
4.170969;7.355359
4.183980;7.492575
4.235221;7.522881
4.342891;7.361273
4.410815;7.321913
5.000000;5.000000
4.309120;8.302508
4.388213;8.294681
4.463363;8.243912
4.685091;7.266478
4.738018;7.253825
4.841691;6.759392
4.884722;6.715130
4.923795;6.723066
4.963827;6.676610
