5.026369;6.646789
5.063390;6.648031
5.099913;6.641713
5.139236;6.659670
5.178548;6.677525
5.216288;6.681900
5.253810;6.668051
5.291061;6.669823
5.330798;6.670563
5.372623;6.685810
5.426158;6.745995
5.515758;6.929767
5.702130;7.434263
5.000000;5.000000
5.823973;7.440665
5.777673;7.135294
5.830871;7.130196
5.881706;7.124016
5.952700;7.152598
5.993029;7.116357
6.105497;7.228068
6.157481;7.206029
6.168090;7.108858
6.231534;7.110744
6.241552;7.021415
6.877010;7.929210
6.966669;7.924475
5.000000;5.000000
10.327584;12.250024
10.340436;11.933145
10.221806;11.470856
10.140639;11.083345
10.103530;10.769432
10.163749;10.580099
10.035917;10.197820
6.121926;6.078876
6.116560;6.024343
6.106463;5.971594
6.095170;5.917566
6.094987;5.873959
6.085085;5.826078
6.078771;5.784310
6.077138;5.746008
6.073701;5.707786
6.062139;5.666615
6.062420;5.630163
6.053578;5.593513
6.050858;5.561048
6.043393;5.527709
6.037469;5.495564
6.030400;5.463261
6.028998;5.434571
6.026016;5.404846
6.022372;5.377240
6.016528;5.349709
6.008891;5.320254
6.014678;5.296995
6.017033;5.272861
6.202172;5.298802
6.190729;5.266788
5.000000;5.000000
5.000000;5.000000
5.000000;5.000000
5.000000;5.000000
5.000000;5.000000
5.000000;5.000000
7.417381;5.179016
7.600670;5.136512
7.601843;5.077601
7.596938;5.017927
7.565713;4.961624
7.557193;4.903849
7.555112;4.845974
7.572150;4.786448
7.560445;4.728967
7.542408;4.673796
7.530980;4.615632
7.543766;4.555851
7.529532;4.499869
7.500239;4.446605
7.488828;4.391016
6.942885;4.473345
6.620057;4.515338
6.365112;4.554393
6.187844;4.579730
6.044430;4.601140
5.938111;4.615105
5.927092;4.593613
5.928437;4.568050
5.918679;4.548234
5.912181;4.526506
5.910011;4.500158
5.905307;4.475042
5.903271;4.450564
5.898054;4.426598
5.896973;4.398919
5.891707;4.370965
5.888378;4.344561
5.885189;4.314638
5.881114;4.288128
5.871504;4.263548
5.871742;4.227531
5.871054;4.193629
5.865138;4.162292
5.859587;4.128630
5.853384;4.096926
5.849669;4.059458
5.846659;4.020767
5.841625;3.982460
5.836189;3.943015
5.829006;3.903016
5.827109;3.853141
5.816161;3.813323
5.000000;5.000000
5.000000;5.000000
6.299915;2.842028
5.000000;5.000000
6.135878;2.902573
6.082469;2.889959
5.965804;3.004704
5.834805;3.164415
5.900910;2.904996
5.832669;2.934524
5.776377;2.941010
5.725776;2.937999
5.682023;2.914699
5.665098;2.801397
5.649670;2.668057
5.624259;2.553643
5.606583;2.383389
5.581008;2.214703
5.800559;0.752281
5.724984;0.609707
5.621844;0.629012
5.000000;5.000000
5.533564;-0.476570
5.272032;1.258376
5.191555;1.168285
5.104064;1.192422
5.016784;1.194287
4.933568;1.234586
4.952471;4.335698
4.936659;4.345307
4.922811;4.345788
4.908281;4.349938
4.893585;4.359784
4.881200;4.368324
4.866112;4.370838
4.852157;4.373456
4.837831;4.376236
4.823963;4.378967
4.808687;4.381932
4.795219;4.383891
4.780769;4.387290
4.765241;4.389319
4.751570;4.393671
4.736529;4.394052
4.721199;4.396817
4.706889;4.399742
4.691948;4.402204
4.675742;4.406560
4.660154;4.407265
4.643099;4.409181
4.626636;4.413509
4.610784;4.413977
4.594884;4.419358
4.575908;4.421249
4.558480;4.425893
4.541062;4.427813
4.521323;4.429782
4.502209;4.431683
4.481125;4.435827
4.461458;4.439216
4.440974;4.442152
4.420736;4.446054
4.397464;4.449351
4.372311;4.452753
4.349556;4.457476
4.323328;4.460766
4.297771;4.465922
4.271103;4.468244
4.243152;4.474316
4.214505;4.480037
4.185040;4.484151
4.146801;4.486609
5.000000;5.000000
5.000000;5.000000
3.114999;3.999637
3.126088;4.061027
3.103237;4.102230
3.137753;4.169605
3.103070;4.204447
3.100000;4.253875
3.110058;4.305521
3.032617;4.327181
2.938613;4.345651
2.822732;4.361356
2.773524;4.400595
2.773263;4.453788
2.778074;4.507982
2.793752;4.563569
2.790243;4.615262
2.823634;4.671620
2.828417;4.722433
2.828660;4.772260
2.828600;4.821187
2.846249;4.872862
2.846960;4.920699
2.851452;4.970541
2.858582;5.018683
2.864550;5.066970
3.337727;5.095247
3.352556;5.132327
3.370203;5.166203
3.332237;5.206511
3.196414;5.261884
3.135252;5.313996
2.682633;5.437210
2.582578;5.511772
2.564192;5.572795
2.561863;5.631133
2.574317;5.687579
2.561369;5.750487
2.663659;5.777292
2.681136;5.830204
2.699623;5.881531
2.706235;5.938279
2.709715;5.997922
2.726375;6.053288
3.873916;5.567500
3.957933;5.554687
4.036004;5.545731
4.093029;5.541846
4.171347;5.520851
4.193301;5.533221
4.201280;5.555676
4.207060;5.578012
4.208927;5.603925
4.210506;5.631123
4.217135;5.654632
4.219944;5.681009
4.226915;5.707191
4.226678;5.740232
4.230668;5.767564
4.236552;5.795742
4.239815;5.831337
4.247631;5.859795
4.245940;5.899490
4.254567;5.929196
4.258682;5.969886
4.266846;6.003141
4.267728;6.047407
4.273732;6.088743
4.282126;6.131485
4.288512;6.176025
4.296041;6.223715
4.305723;6.274404
4.312973;6.326661
5.000000;5.000000
5.000000;5.000000
5.000000;5.000000
5.000000;5.000000
5.000000;5.000000
4.152892;7.325252
4.150360;7.500071
4.217324;7.493814
4.237087;7.625138
4.385681;7.322632
4.434555;7.348899
4.267788;8.318685
4.353138;8.288228
4.429704;8.290444
4.509668;8.279548
4.720652;7.259548
4.774849;7.246244
4.870203;6.739163
4.910742;6.728948
4.950431;6.711532
4.988484;6.668210
