5.004951;6.665743
5.041758;6.649471
5.078389;6.643882
5.116385;6.646642
5.155178;6.665537
5.193152;6.663071
5.230873;6.669866
5.269784;6.674658
5.306713;6.667781
5.345032;6.668447
5.394122;6.715817
5.000000;5.000000
5.000000;5.000000
5.721430;7.424179
5.000000;5.000000
5.741954;7.130767
5.798402;7.137240
5.852928;7.138158
5.899343;7.112534
5.000000;5.000000
5.997069;7.077637
6.154562;7.280097
6.168239;7.185621
6.183258;7.094357
6.214527;7.042713
5.000000;5.000000
6.906563;7.922009
5.000000;5.000000
10.285583;12.410983
10.384244;12.203364
10.250377;11.698557
10.256266;11.404778
10.105735;10.941964
10.135880;10.710427
10.176889;10.500471
6.118169;6.109200
6.128045;6.068845
6.110738;6.004002
6.103899;5.951307
6.097422;5.904688
6.088847;5.855133
6.084709;5.812888
6.083351;5.774538
6.072498;5.730686
6.067671;5.690960
6.059399;5.652082
6.059094;5.616579
6.051545;5.580736
6.047253;5.548075
6.043850;5.517302
6.035410;5.483531
6.030870;5.452349
6.027231;5.423879
6.024659;5.395255
6.021472;5.368032
6.017546;5.340485
6.012900;5.312464
6.012172;5.287642
6.027091;5.268079
6.216742;5.292903
6.215297;5.262154
5.000000;5.000000
5.000000;5.000000
5.000000;5.000000
5.000000;5.000000
5.000000;5.000000
5.000000;5.000000
5.000000;5.000000
7.592083;5.117627
7.598550;5.060301
7.588749;5.001489
7.565110;4.942689
7.563255;4.886882
7.551342;4.829992
7.547341;4.772269
7.558596;4.712035
7.555341;4.655189
7.539840;4.599326
7.501473;4.547897
7.518871;4.486149
7.500671;4.431400
7.254047;4.431025
6.816566;4.492035
6.528640;4.530043
6.308484;4.562302
6.142437;4.586404
6.005417;4.605620
5.929940;4.610412
5.925664;4.586066
5.928849;4.560687
5.916609;4.541808
5.910234;4.517949
5.909788;4.491502
5.899990;4.469907
5.898180;4.445607
5.895307;4.418638
5.894079;4.390618
5.887688;4.365736
5.883295;4.338978
5.879463;4.311759
5.874532;4.284392
5.870953;4.252490
5.871791;4.218942
5.865305;4.189657
5.862283;4.156848
5.855917;4.124326
5.849815;4.092197
5.848621;4.050786
5.843124;4.013442
5.839671;3.974053
5.829479;3.939010
5.828106;3.892332
5.822073;3.848296
5.000000;5.000000
5.000000;5.000000
6.348739;2.848265
6.284082;2.845947
5.000000;5.000000
6.137211;2.878302
6.073495;2.882015
5.874746;3.165091
5.828826;3.156498
5.885368;2.911408
5.820211;2.934655
5.766561;2.936535
5.710262;2.945033
5.669787;2.911524
5.660535;2.777323
5.642930;2.649597
5.618987;2.517763
5.601706;2.344312
5.572816;2.185193
5.792543;0.678829
5.711267;0.565935
5.601450;0.618841
5.645561;-0.567699
5.508356;-0.478967
5.258342;1.221321
5.175905;1.164281
5.089168;1.204547
5.005422;1.230004
4.920519;1.249342
4.949905;4.335636
4.936021;4.344615
4.919742;4.338853
4.906920;4.354173
4.891968;4.359548
4.878368;4.368609
4.866241;4.370555
4.851379;4.373384
4.837356;4.376618
4.822228;4.379202
4.808761;4.382171
4.793330;4.384522
4.778943;4.388478
4.766247;4.390540
4.750046;4.390783
4.735691;4.393871
4.720295;4.396684
4.705835;4.401371
4.690690;4.403417
4.675470;4.407279
4.658780;4.407766
4.642367;4.411671
4.625042;4.412746
4.609183;4.415344
4.591896;4.420537
4.575594;4.422100
4.558824;4.425314
4.540921;4.429209
4.520828;4.430524
4.502113;4.434095
4.481493;4.437527
4.461611;4.441844
4.441077;4.443110
4.417665;4.446741
4.395062;4.448645
4.372877;4.453246
4.350589;4.458970
4.325088;4.462169
4.298885;4.465284
4.271401;4.469958
4.244276;4.474452
4.214446;4.479673
4.184680;4.484252
5.000000;5.000000
4.146144;4.487217
5.000000;5.000000
3.116478;4.001117
3.124928;4.059995
3.114597;4.106279
3.138916;4.168839
3.101453;4.202484
3.101343;4.252510
3.111060;4.304244
3.033649;4.326481
2.935943;4.344150
2.824355;4.361153
2.772673;4.399908
2.776006;4.453104
2.793245;4.510010
2.788119;4.561131
2.794381;4.613367
2.818481;4.668917
2.821386;4.720260
2.827410;4.769812
2.829150;4.820603
2.847632;4.870666
2.847779;4.918869
2.852493;4.967673
2.858062;5.016223
2.859726;5.064656
3.355572;5.092010
3.342934;5.131181
3.368690;5.163671
3.355477;5.200912
3.205616;5.259143
3.138539;5.309407
3.097071;5.359019
2.565697;5.510471
2.564883;5.566969
2.574701;5.622849
2.570249;5.681440
2.568450;5.741168
2.625479;5.783678
2.685041;5.821802
2.691143;5.878947
2.705525;5.931899
2.709988;5.991018
2.718939;6.048509
3.853863;5.571007
3.946343;5.556843
4.026846;5.545262
4.082739;5.542637
4.162470;5.523635
4.196760;5.529387
4.201055;5.550959
4.205384;5.574000
4.208498;5.600059
4.211618;5.625294
4.214900;5.650384
4.219252;5.677929
4.227002;5.702091
4.227077;5.733767
4.229684;5.762673
4.234950;5.791770
4.238575;5.824085
4.245263;5.853049
4.247906;5.890362
4.252955;5.925011
4.257062;5.961073
4.269338;5.994119
4.269244;6.039922
4.273705;6.081806
4.283073;6.122604
4.288571;6.169335
4.292609;6.222890
4.303129;6.267570
4.310223;6.323260
5.000000;5.000000
5.000000;5.000000
5.000000;5.000000
5.000000;5.000000
5.000000;5.000000
4.150508;7.309737
4.138146;7.511486
4.208028;7.492451
4.222381;7.646366
4.372174;7.337401
4.427057;7.343479
4.255802;8.309611
4.338457;8.283011
4.413428;8.294184
4.467794;8.267694
4.684958;7.299772
4.744400;7.247764
4.843827;6.777653
4.887547;6.730099
4.926444;6.738695
4.967326;6.686934
