5.000793;6.655500
5.039794;6.640267
5.074831;6.642046
5.111812;6.644704
5.150441;6.652416
5.188777;6.657283
5.227493;6.672600
5.266134;6.674483
5.303336;6.667383
5.342063;6.662933
5.389380;6.707926
5.438140;6.745604
5.000000;5.000000
5.715405;7.425182
5.000000;5.000000
5.000000;5.000000
5.000000;5.000000
5.848642;7.139325
5.899970;7.125304
5.960556;7.140338
5.992162;7.079154
6.141472;7.269341
6.196982;7.251324
6.183016;7.107118
6.220754;7.064888
5.000000;5.000000
5.000000;5.000000
5.000000;5.000000
5.000000;5.000000
5.000000;5.000000
5.000000;5.000000
5.000000;5.000000
5.000000;5.000000
5.000000;5.000000
5.000000;5.000000
5.000000;5.000000
6.127461;6.070551
6.111539;6.006470
6.104639;5.956569
6.098134;5.907753
6.090891;5.858600
6.084190;5.816076
6.079208;5.773454
6.073118;5.731109
6.068201;5.692902
6.061738;5.655910
6.058804;5.621039
6.051562;5.584831
6.048378;5.552383
6.043379;5.518814
6.040053;5.487766
6.032396;5.456327
6.030208;5.426495
6.026119;5.399099
6.019740;5.370614
6.013500;5.340753
6.011731;5.314548
6.023636;5.293023
6.037004;5.273642
6.216918;5.294304
6.200929;5.263516
5.000000;5.000000
5.000000;5.000000
5.000000;5.000000
5.000000;5.000000
5.000000;5.000000
5.000000;5.000000
7.379788;5.161327
7.598769;5.119179
7.566774;5.061041
7.563748;5.002950
7.551927;4.945921
7.533370;4.890148
7.547947;4.831690
7.524312;4.775791
7.537395;4.715899
7.553903;4.657626
7.511555;4.604528
7.502211;4.547763
7.493151;4.491396
7.472798;4.438486
7.305957;4.419097
6.847927;4.485366
6.544227;4.528005
6.316883;4.560616
6.143225;4.587111
6.004654;4.608473
5.930744;4.610390
5.917332;4.593164
5.923551;4.563518
5.917223;4.543038
5.911157;4.519695
5.908065;4.496115
5.905407;4.469751
5.900414;4.444942
5.900576;4.418036
5.894928;4.391421
5.889085;4.367695
5.884666;4.339142
5.882813;4.309956
5.878940;4.281489
5.874969;4.250644
5.871977;4.218775
5.866525;4.190228
5.860921;4.156887
5.856673;4.125065
5.850393;4.089657
5.848772;4.050250
5.842066;4.015827
5.837438;3.975780
5.830554;3.938264
5.823897;3.897300
5.820104;3.849656
5.000000;5.000000
5.000000;5.000000
6.340820;2.859529
6.283226;2.844564
5.000000;5.000000
6.137211;2.878302
6.074939;2.882187
5.867200;3.182265
5.823700;3.167899
5.884322;2.917211
5.830253;2.915780
5.767899;2.935966
5.719310;2.925942
5.674718;2.904443
5.662526;2.776872
5.641186;2.663895
5.618457;2.528969
5.601336;2.356533
5.571340;2.204793
5.779692;0.762636
5.700782;0.652620
5.000000;5.000000
5.627447;-0.397905
5.510415;-0.455676
5.263828;1.168072
5.177265;1.182613
5.088158;1.201023
5.002193;1.187251
4.918162;1.189879
4.949357;4.337683
4.935338;4.346692
4.918428;4.335488
4.905981;4.353804
4.891516;4.359117
4.879216;4.368446
4.863647;4.371112
4.850654;4.374070
4.836340;4.376884
4.822347;4.379168
4.807044;4.382705
4.793195;4.385095
4.779477;4.387754
4.764171;4.391072
4.748703;4.391336
4.734877;4.394227
4.719842;4.396618
4.704233;4.401883
4.689260;4.404160
4.674385;4.407589
4.658349;4.408592
4.639846;4.409694
4.624220;4.413568
4.607000;4.416206
4.590527;4.417526
4.572206;4.420869
4.556977;4.426105
4.537168;4.428704
4.516398;4.428047
4.500036;4.433927
4.478108;4.436571
4.457759;4.440004
4.437222;4.442379
4.415614;4.447451
4.392183;4.449955
4.370414;4.454173
4.346023;4.457816
4.322255;4.461714
4.296748;4.467270
4.269373;4.471903
4.241735;4.475483
4.211083;4.481137
4.180103;4.485420
5.000000;5.000000
4.141199;4.485255
5.000000;5.000000
3.118384;4.009282
3.137138;4.073034
3.149276;4.129445
3.155647;4.183512
3.122094;4.217924
3.118759;4.267687
3.121092;4.316111
3.032265;4.334427
2.910869;4.343012
2.810577;4.365534
2.771525;4.408070
2.775383;4.461990
2.772329;4.514322
2.788906;4.570095
2.790726;4.622761
2.792556;4.674935
2.800641;4.724881
2.813504;4.777874
2.816847;4.826961
2.838416;4.878430
2.847199;4.928147
2.848129;4.976480
2.859389;5.024423
2.861282;5.074051
5.000000;5.000000
3.361637;5.136025
3.370573;5.169796
3.313102;5.212658
3.196996;5.265861
3.151972;5.313914
2.660754;5.445287
2.601362;5.512362
2.568535;5.575958
2.574749;5.632017
2.591506;5.687699
2.597011;5.743051
2.660412;5.783359
2.673553;5.837199
2.692408;5.887850
2.707114;5.943055
2.724228;5.996795
5.000000;5.000000
3.867218;5.570875
3.966935;5.552439
4.037136;5.545700
4.099134;5.538902
4.183489;5.515735
4.191402;5.538048
4.205278;5.555727
4.205575;5.579794
4.209812;5.603849
4.214684;5.629141
4.216550;5.656270
4.222764;5.681574
4.224242;5.712784
4.226557;5.741912
4.231923;5.770585
4.237022;5.799997
4.241572;5.829895
4.242857;5.865251
4.249960;5.897313
4.257554;5.929666
4.260184;5.969460
4.266239;6.005793
4.270792;6.045583
4.276753;6.088052
4.282161;6.136241
4.292234;6.176227
4.298721;6.226117
4.306351;6.276453
5.000000;5.000000
4.315174;6.328642
5.000000;5.000000
5.000000;5.000000
5.000000;5.000000
5.000000;5.000000
4.166650;7.299130
4.159720;7.485821
4.219282;7.492594
4.245529;7.611968
4.385646;7.330897
4.436254;7.355734
4.270933;8.313490
4.353939;8.289150
4.433119;8.270738
4.463034;8.257541
4.685743;7.266568
4.738004;7.259612
4.840189;6.776075
4.885142;6.728689
4.923187;6.736802
4.963854;6.675360
