5.036122;6.637852
5.073313;6.639862
5.109874;6.637067
5.148459;6.660627
5.185549;6.670225
5.225415;6.674143
5.262844;6.666145
5.298533;6.656311
5.338315;6.665741
5.383845;6.698671
5.435693;6.743639
5.577199;7.130963
5.708066;7.412227
5.000000;5.000000
5.811803;7.366374
5.000000;5.000000
5.842612;7.136064
5.893952;7.122418
5.963504;7.153537
5.994635;7.095696
6.122301;7.239244
6.200966;7.269303
6.176164;7.102933
6.229694;7.087770
5.000000;5.000000
6.897788;7.933078
5.000000;5.000000
10.244851;12.413851
10.359954;12.227060
10.228271;11.725961
10.244452;11.440591
10.255169;11.163534
10.082480;10.694829
10.202787;10.573852
10.018901;10.138689
6.123342;6.071977
6.112764;6.014786
6.105444;5.960981
6.096514;5.910491
6.091048;5.863647
6.080757;5.817720
6.082176;5.780460
6.076025;5.737932
6.064699;5.696446
6.059973;5.658758
6.060304;5.623423
6.052149;5.586347
6.050227;5.554773
6.046585;5.521911
6.035247;5.486239
6.031159;5.458501
6.028372;5.427005
6.026467;5.398894
6.023735;5.372066
6.018253;5.343873
6.010020;5.316673
6.015894;5.292809
6.024925;5.271400
6.213178;5.294877
6.201543;5.263047
5.000000;5.000000
5.000000;5.000000
5.000000;5.000000
5.000000;5.000000
5.000000;5.000000
5.000000;5.000000
7.399177;5.167264
7.596752;5.124825
7.597623;5.067506
7.588485;5.008686
7.562510;4.949875
7.553476;4.892219
7.552958;4.835538
7.551949;4.779007
7.552260;4.720675
7.543305;4.663266
7.534123;4.606451
7.498109;4.553202
7.515587;4.492595
7.506390;4.435152
7.315798;4.421339
6.865926;4.484784
6.556682;4.525992
6.329486;4.558109
6.152750;4.584045
6.016485;4.605097
5.932420;4.611158
5.920981;4.590911
5.927250;4.564919
5.918420;4.543760
5.913203;4.519287
5.909692;4.495440
5.901065;4.473222
5.899773;4.447716
5.897451;4.421031
5.894296;4.393605
5.891035;4.367850
5.885869;4.340755
5.881768;4.313493
5.877259;4.284965
5.870864;4.255461
5.875711;4.218451
5.867570;4.188784
5.863598;4.156048
5.856369;4.127218
5.849051;4.093536
5.850879;4.052473
5.845134;4.015493
5.840397;3.974972
5.831979;3.939380
5.827731;3.895486
5.822996;3.849571
5.000000;5.000000
5.000000;5.000000
6.354240;2.847292
6.278402;2.860608
5.000000;5.000000
6.137825;2.885442
6.080914;2.875970
5.874619;3.171679
5.827144;3.162595
5.886800;2.915819
5.825020;2.930649
5.764915;2.945792
5.711446;2.948617
5.673940;2.908921
5.659384;2.787413
5.642719;2.660946
5.623640;2.516351
5.604607;2.342151
5.575634;2.186533
5.784173;0.745159
5.707932;0.616295
5.608332;0.603134
5.651570;-0.582101
5.514133;-0.478428
5.261585;1.216532
5.176813;1.192353
5.090224;1.206073
5.006547;1.206256
4.919851;1.217849
4.949473;4.334165
4.935037;4.347476
4.921771;4.338610
4.905909;4.353309
4.893893;4.358212
4.879891;4.367045
4.865344;4.370491
4.850358;4.373627
4.835803;4.377026
4.821128;4.378737
4.808183;4.381565
4.792699;4.384207
4.778518;4.387303
4.764899;4.390522
4.749871;4.390855
4.734455;4.394684
4.718927;4.396768
4.705869;4.399405
4.688851;4.401837
4.673803;4.407339
4.657099;4.407871
4.641028;4.409852
4.625597;4.411503
4.607674;4.415151
4.590898;4.419711
4.573169;4.419848
4.556036;4.425569
4.538885;4.428923
4.520394;4.430563
4.500300;4.432693
4.480308;4.436240
4.459954;4.440664
4.440403;4.443079
4.416258;4.446043
4.393821;4.449638
4.370636;4.454681
4.346975;4.456278
4.323429;4.462647
4.297299;4.467370
4.268059;4.469028
4.243106;4.474821
4.213301;4.481406
4.182847;4.485283
4.144216;4.486058
5.000000;5.000000
5.000000;5.000000
3.114697;4.003412
3.121385;4.062047
3.128234;4.117793
3.138696;4.173018
3.094390;4.203168
3.107382;4.259704
3.101180;4.305769
3.027155;4.328481
2.941551;4.349623
2.808634;4.357905
2.773560;4.403351
2.767589;4.454892
2.773406;4.509411
2.795867;4.567060
2.794074;4.616582
2.812258;4.671619
2.826390;4.724503
2.829211;4.774211
2.829143;4.823746
2.835768;4.872244
2.844379;4.922880
2.854943;4.971207
2.857596;5.020335
2.862314;5.067451
3.330988;5.095633
3.355834;5.132540
3.362614;5.165708
3.327771;5.207064
3.201609;5.261130
3.135186;5.315111
2.681650;5.437395
2.583164;5.510922
2.567842;5.571937
2.563315;5.630757
2.571474;5.687631
2.562611;5.748570
2.665096;5.776069
2.676965;5.828935
2.702638;5.879618
2.704114;5.938375
2.714242;5.995168
2.728644;6.049857
3.868089;5.567039
3.955506;5.555978
4.032503;5.545632
4.091229;5.541267
4.172220;5.521300
4.190542;5.534488
4.204544;5.552049
4.205916;5.576866
4.208927;5.603925
4.209921;5.631591
4.217714;5.653765
4.219952;5.681398
4.223158;5.707896
4.227100;5.737417
4.232038;5.767520
4.238027;5.795424
4.240082;5.827852
4.248208;5.857642
4.249848;5.893958
4.254612;5.928592
4.257737;5.967272
4.267141;6.002738
4.269332;6.046393
4.275432;6.086872
4.282337;6.130434
4.290194;6.173244
4.295791;6.224149
4.304253;6.273032
4.308527;6.333367
5.000000;5.000000
5.000000;5.000000
5.000000;5.000000
5.000000;5.000000
5.000000;5.000000
4.155802;7.320724
4.153565;7.495350
4.207258;7.516593
4.238249;7.626778
4.381048;7.332008
4.434953;7.342309
4.263260;8.322548
4.345741;8.307409
4.424731;8.298461
4.684024;7.242599
4.735197;7.251733
4.836611;6.783280
4.881171;6.725914
4.919601;6.731384
4.959269;6.692260
4.998086;6.663249
