5.006238;6.668238
5.043719;6.639917
5.080512;6.648535
5.116738;6.651629
5.156253;6.666692
5.192922;6.658316
5.232280;6.672952
5.272754;6.677723
5.308492;6.670250
5.345511;6.668348
5.395000;6.715871
5.000000;5.000000
5.000000;5.000000
5.723181;7.424962
5.000000;5.000000
5.735820;7.111196
5.803626;7.149967
5.856168;7.137939
5.901693;7.118054
5.000000;5.000000
5.994420;7.070589
6.159871;7.290580
6.156137;7.157505
6.185472;7.098275
6.217116;7.043499
5.000000;5.000000
6.909467;7.923398
5.000000;5.000000
10.291018;12.397578
10.394776;12.200166
10.243451;11.671259
10.170973;11.283630
10.134512;10.955789
10.143539;10.703529
10.195592;10.505517
5.000000;5.000000
6.125547;6.062390
6.115454;6.003998
6.105448;5.949507
6.098895;5.902898
6.088516;5.851503
6.084642;5.810891
6.083964;5.771526
6.074046;5.726626
6.068574;5.688641
6.059341;5.648830
6.055559;5.615198
6.049356;5.579527
6.046565;5.546693
6.039628;5.511738
6.035429;5.481124
6.033061;5.452956
6.026393;5.420657
6.023668;5.392957
6.019036;5.365940
6.013851;5.336549
6.009674;5.310197
6.009533;5.285951
6.045512;5.270747
5.000000;5.000000
5.000000;5.000000
5.000000;5.000000
5.000000;5.000000
5.000000;5.000000
5.000000;5.000000
5.000000;5.000000
5.000000;5.000000
7.423915;5.157083
7.602390;5.110846
7.592984;5.051715
7.580241;4.993073
7.565909;4.934303
7.554312;4.877460
7.551222;4.820908
7.545227;4.762861
7.542743;4.705422
7.547562;4.646285
7.529529;4.590258
7.539166;4.530266
7.503910;4.479192
7.497951;4.420673
7.182591;4.438142
6.808684;4.486190
6.497349;4.534630
6.276961;4.567395
6.122650;4.588326
5.990946;4.608443
5.927979;4.607043
5.941880;4.577622
5.924660;4.560606
5.914308;4.538897
5.911584;4.514096
5.904526;4.492849
5.902783;4.466278
5.897161;4.441115
5.895249;4.414886
5.895385;4.387211
5.890736;4.360975
5.885736;4.332237
5.884885;4.304090
5.877968;4.276366
5.874782;4.244676
5.874541;4.210411
5.864321;4.183865
5.860640;4.150183
5.856382;4.117102
5.848238;4.083898
5.848995;4.042081
5.844720;4.005605
5.838544;3.966363
5.833003;3.923697
5.827712;3.880823
5.819439;3.841212
5.000000;5.000000
5.000000;5.000000
6.336318;2.846117
5.000000;5.000000
5.000000;5.000000
6.126321;2.876179
6.053209;2.898108
5.863528;3.165586
5.852504;3.082739
5.873520;2.912115
5.807673;2.941532
5.753086;2.941427
5.699956;2.943612
5.668001;2.885769
5.656384;2.751081
5.635736;2.627707
5.613554;2.490413
5.595053;2.316432
5.563522;2.159866
5.778452;0.642742
5.870433;-0.552184
5.000000;5.000000
5.608282;-0.494683
5.486163;-0.521639
5.242283;1.176168
5.155994;1.164671
5.069224;1.220134
4.984830;1.232781
4.900654;1.232810
4.945554;4.335728
4.933226;4.348915
4.915152;4.332622
4.903655;4.352630
4.890040;4.365203
4.875513;4.369421
4.861671;4.371032
4.847775;4.374764
4.832037;4.377771
4.819849;4.379888
4.804806;4.382622
4.790014;4.386174
4.775525;4.388393
4.759997;4.390554
4.745109;4.392561
4.730933;4.395968
4.715560;4.398901
4.701727;4.401731
4.686348;4.405406
4.669384;4.408073
4.653903;4.407995
4.637192;4.410440
4.619220;4.413223
4.604262;4.418059
4.587205;4.419569
4.569962;4.424093
4.550617;4.424396
4.534834;4.429635
4.513277;4.431358
4.495451;4.434989
4.474740;4.436629
4.455776;4.441931
4.434841;4.445149
4.411735;4.447192
4.388433;4.451130
4.362664;4.453207
4.341588;4.459656
4.317811;4.463709
4.292046;4.469772
4.262375;4.471354
4.233086;4.474379
4.206526;4.482163
5.000000;5.000000
4.172553;4.484763
5.000000;5.000000
3.103984;3.956918
3.112160;4.015233
3.132884;4.080501
3.125935;4.129194
3.113348;4.175364
3.093549;4.216952
3.101242;4.268614
3.091731;4.313493
3.011058;4.335532
2.903621;4.351980
2.774266;4.364254
2.771020;4.416849
2.771724;4.470819
2.776230;4.525882
2.788135;4.579400
2.805537;4.635675
2.822170;4.688464
2.827668;4.738621
2.827226;4.788945
2.828290;4.837921
2.847117;4.888855
2.851133;4.938383
2.859047;4.985837
2.859774;5.034270
3.387206;5.068540
3.295439;5.108331
3.353553;5.141306
3.370841;5.177035
3.278089;5.224623
3.167838;5.278781
3.128809;5.326715
2.660418;5.456750
2.621325;5.518361
2.565696;5.587733
2.568501;5.645608
2.559583;5.706947
2.575725;5.762129
2.674561;5.788551
2.687345;5.841515
2.697916;5.897914
2.697128;5.957504
2.718237;6.009866
5.000000;5.000000
3.898037;5.561451
3.975479;5.554075
4.046868;5.546115
4.108352;5.539675
4.185051;5.519131
4.196797;5.537575
4.201757;5.561156
4.207402;5.583133
4.209338;5.609390
4.213007;5.635830
4.217929;5.659465
4.218981;5.689008
4.224689;5.716221
4.226461;5.746861
4.232892;5.773311
4.238484;5.802768
4.240512;5.836031
4.248065;5.865811
4.247897;5.904706
4.253832;5.939486
4.261665;5.974669
4.269662;6.009207
4.269828;6.058605
4.276156;6.098749
4.284072;6.142169
4.292340;6.185035
4.298308;6.234516
4.301752;6.295852
5.000000;5.000000
4.314545;6.341527
5.000000;5.000000
5.000000;5.000000
5.000000;5.000000
5.000000;5.000000
4.158362;7.345838
4.157049;7.521584
4.223129;7.515782
4.296514;7.473662
4.395581;7.325745
4.444276;7.357126
4.283751;8.315772
4.367833;8.284975
4.448631;8.266797
4.467898;8.271004
4.686094;7.296394
4.745102;7.253128
4.843617;6.776129
4.888115;6.721368
4.926929;6.727205
4.968069;6.690448
