5.004953;6.666492
5.041669;6.645973
5.079723;6.642066
5.116263;6.651663
5.155039;6.664043
5.191373;6.660257
5.231387;6.670047
5.271549;6.676399
5.307947;6.667300
5.346420;6.667904
5.399725;6.725044
5.000000;5.000000
5.000000;5.000000
5.724414;7.421463
5.000000;5.000000
5.748072;7.138429
5.805484;7.147403
5.855016;7.133284
5.905046;7.116352
5.000000;5.000000
6.000780;7.076684
6.158528;7.280329
6.157111;7.153862
6.188870;7.098650
6.209403;7.025686
5.000000;5.000000
6.912722;7.917982
5.000000;5.000000
10.279552;12.372581
10.399847;12.195426
10.212707;11.620377
10.186762;11.292974
10.156639;10.975660
10.131659;10.681586
10.137484;10.434540
5.000000;5.000000
6.126244;6.060193
6.109897;5.997840
6.098159;5.943795
6.095014;5.896197
6.091465;5.851788
6.083861;5.809012
6.077121;5.764324
6.074255;5.726317
6.066658;5.686537
6.059315;5.648395
6.058208;5.612130
6.050466;5.577514
6.048146;5.544198
6.040742;5.511171
6.034575;5.479401
6.031551;5.448291
6.026766;5.419086
6.024607;5.390502
6.018811;5.362114
6.014398;5.334896
6.010001;5.309132
5.000000;5.000000
6.013367;5.285254
5.000000;5.000000
5.000000;5.000000
5.000000;5.000000
5.000000;5.000000
5.000000;5.000000
5.000000;5.000000
5.000000;5.000000
5.000000;5.000000
5.000000;5.000000
7.601038;5.107290
7.588538;5.048896
7.585734;4.991076
7.562109;4.932434
7.556239;4.875894
7.550034;4.818288
7.546944;4.759746
7.537799;4.704022
7.550158;4.643183
7.527862;4.587792
7.516393;4.532233
7.506634;4.475114
7.510111;4.415570
7.167662;4.441321
6.776072;4.493982
6.486834;4.536179
6.268066;4.569188
6.116076;4.590007
5.987391;4.608972
5.928024;4.605869
5.939837;4.577347
5.923082;4.557878
5.913910;4.538108
5.909770;4.512821
5.907908;4.488662
5.902926;4.464557
5.897529;4.440289
5.893917;4.413307
5.893737;4.386575
5.889165;4.359645
5.884753;4.332179
5.884923;4.301310
5.874846;4.276118
5.873024;4.245317
5.873792;4.210327
5.865639;4.180892
5.861841;4.149976
5.857097;4.115009
5.849088;4.082980
5.849214;4.042944
5.843824;4.005501
5.837669;3.965011
5.833675;3.924534
5.827687;3.880183
5.818839;3.840175
5.000000;5.000000
5.000000;5.000000
6.331129;2.851724
5.000000;5.000000
5.000000;5.000000
6.125654;2.874976
6.060601;2.883356
5.862792;3.164410
5.853836;3.076765
5.872459;2.914652
5.806184;2.940680
5.752863;2.940813
5.699015;2.948309
5.670487;2.877903
5.657672;2.750676
5.639230;2.614667
5.614340;2.492408
5.595702;2.313503
5.566581;2.148748
5.771712;0.673282
5.870433;-0.552184
5.000000;5.000000
5.607347;-0.486235
5.488729;-0.550776
5.241203;1.181611
5.157261;1.160719
5.069247;1.218884
4.985869;1.220776
4.899217;1.219593
4.947369;4.337588
4.933438;4.349145
4.916859;4.330140
4.903468;4.352658
4.889955;4.364710
4.875766;4.369116
4.860881;4.371462
4.848016;4.374448
4.833888;4.377275
4.819205;4.380336
4.805410;4.381645
4.789756;4.385998
4.775704;4.387794
4.761985;4.389775
4.745904;4.392498
4.732237;4.395936
4.716022;4.398684
4.701552;4.402098
4.685884;4.404802
4.671274;4.407594
4.654585;4.407597
4.637793;4.410658
4.621947;4.413246
4.604791;4.417397
4.587684;4.419535
4.571232;4.423146
4.552311;4.424977
4.534634;4.428830
4.515783;4.430207
4.497204;4.435102
4.476594;4.435587
4.456686;4.441045
4.435746;4.444229
4.413160;4.446408
4.386730;4.449284
4.366019;4.454289
4.344132;4.459318
4.317315;4.463531
4.292227;4.466617
4.264761;4.471889
4.233403;4.475243
4.206953;4.480597
5.000000;5.000000
4.173945;4.484420
5.000000;5.000000
3.106618;3.955764
3.112346;4.013257
3.145969;4.085619
3.129180;4.128738
3.138802;4.183300
3.096999;4.216450
3.104951;4.269417
3.104525;4.317070
3.010665;4.334340
2.910887;4.350493
2.781483;4.364475
2.769607;4.415337
2.773093;4.470468
2.792513;4.526255
2.788374;4.576809
2.807754;4.633019
2.806381;4.682341
2.828391;4.736806
2.828654;4.787192
2.826685;4.835915
2.849982;4.886730
2.848257;4.934171
2.859558;4.984199
2.859239;5.032020
3.385117;5.066457
3.312405;5.107253
3.353412;5.142591
3.371434;5.175549
3.282132;5.222755
3.187894;5.274307
3.128958;5.324656
2.660025;5.454731
2.624108;5.517039
2.565657;5.586508
2.565590;5.644383
2.566698;5.701852
2.565876;5.761636
2.675539;5.785984
2.682881;5.843139
2.693500;5.897599
2.702624;5.954444
2.714746;6.010625
5.000000;5.000000
3.894858;5.563472
3.976139;5.553719
4.048820;5.544997
4.108116;5.537834
4.185028;5.520025
4.196434;5.537483
4.203212;5.558878
4.205019;5.584534
4.207827;5.611525
4.211570;5.635244
4.218693;5.658820
4.218441;5.690285
4.224667;5.715829
4.225709;5.746440
4.229817;5.777304
4.236420;5.804945
4.239313;5.838319
4.247406;5.866233
4.246240;5.907230
4.254643;5.940130
4.260185;5.974487
4.268826;6.011996
4.269565;6.059639
4.275309;6.101184
4.284482;6.144196
4.289578;6.190956
4.300469;6.234017
4.301705;6.299518
5.000000;5.000000
4.321935;6.329580
5.000000;5.000000
5.000000;5.000000
5.000000;5.000000
5.000000;5.000000
4.161938;7.350038
4.162983;7.519082
4.221021;7.535537
4.306185;7.456655
4.400854;7.323752
4.444556;7.357963
4.290925;8.299417
4.372993;8.281892
4.451509;8.264999
4.465419;8.264520
4.685249;7.292746
4.744569;7.246274
4.843376;6.778868
4.888457;6.728906
4.926729;6.731951
4.966880;6.684925
